-0.087043 0.061691 0.251474 -0.067384 0.029513 0.259036 -0.043865 0.004847 0.252895 -0.024001 -0.015674 0.246237 -0.010703 -0.034864 0.239290 -0.023334 0.021055 0.207209 0.010241 0.010290 0.194559 0.031726 0.004564 0.187222 0.048432 0.001481 0.180028 -0.020714 0.043627 0.199218 0.017191 0.039243 0.182632 0.041790 0.037317 0.174977 0.061756 0.036663 0.169026 -0.021884 0.064859 0.199517 0.013770 0.064847 0.179980 0.037307 0.064416 0.172969 0.055697 0.064688 0.167189 -0.025863 0.085227 0.207298 0.001656 0.092797 0.193843 0.019701 0.097925 0.189727 0.036051 0.101550 0.186643
-0.089969 0.062366 0.247796 -0.069341 0.029212 0.257105 -0.044634 0.004595 0.252300 -0.023364 -0.015174 0.247079 -0.010209 -0.035396 0.238231 -0.023304 0.021498 0.208147 0.009761 0.011377 0.194350 0.032065 0.006306 0.186181 0.049057 0.003585 0.178476 -0.021191 0.043494 0.199373 0.017622 0.038692 0.181461 0.042836 0.037394 0.175285 0.063102 0.036940 0.169854 -0.022044 0.064215 0.198627 0.014138 0.064214 0.178891 0.037807 0.064730 0.170946 0.056033 0.065766 0.165314 -0.025552 0.084309 0.205160 0.003190 0.091901 0.192599 0.021084 0.097624 0.187930 0.036985 0.101811 0.185054
-0.088691 0.064586 0.249633 -0.067816 0.031401 0.258024 -0.043244 0.006990 0.253200 -0.022156 -0.013045 0.247140 -0.008961 -0.032887 0.239381 -0.022372 0.023867 0.208977 0.010467 0.014044 0.195956 0.032534 0.008735 0.187593 0.049309 0.005646 0.179617 -0.020044 0.046087 0.200055 0.018397 0.041446 0.182770 0.043329 0.039942 0.176101 0.063567 0.039241 0.170725 -0.020764 0.066833 0.200264 0.015086 0.066621 0.180992 0.038222 0.066719 0.172628 0.056523 0.067277 0.166391 -0.024187 0.086563 0.207874 0.004306 0.094319 0.195028 0.021938 0.099987 0.189829 0.037745 0.103958 0.185933
-0.088277 0.063160 0.246637 -0.067397 0.029105 0.256925 -0.043858 0.004099 0.252377 -0.023111 -0.015728 0.247833 -0.009345 -0.035811 0.238668 -0.023248 0.021720 0.208773 0.010179 0.011228 0.194519 0.032727 0.006147 0.186536 0.049857 0.003530 0.179287 -0.021059 0.043983 0.200149 0.017847 0.039365 0.182198 0.043397 0.037995 0.175458 0.063773 0.037427 0.169384 -0.021709 0.064844 0.199249 0.014510 0.064977 0.179831 0.038370 0.065273 0.171481 0.056450 0.066266 0.165687 -0.024636 0.084798 0.205435 0.003922 0.092639 0.193142 0.022004 0.098253 0.188235 0.037906 0.102291 0.185046
-0.089414 0.062262 0.245782 -0.067693 0.028883 0.254903 -0.044352 0.004162 0.249953 -0.023855 -0.016031 0.244611 -0.010783 -0.036587 0.235699 -0.024092 0.020981 0.205778 0.009043 0.010733 0.192341 0.031355 0.005501 0.184496 0.048344 0.002560 0.176626 -0.021556 0.042871 0.196501 0.016655 0.037650 0.178629 0.041994 0.036142 0.172252 0.062072 0.035364 0.166297 -0.022200 0.063643 0.195805 0.013537 0.063624 0.176339 0.037540 0.063902 0.168863 0.055946 0.064566 0.162994 -0.025521 0.083848 0.202786 0.002680 0.091469 0.190474 0.020687 0.096999 0.185738 0.036596 0.100859 0.182183
-0.091690 0.065574 0.247072 -0.068604 0.032603 0.257355 -0.045022 0.008092 0.253120 -0.025045 -0.012219 0.246912 -0.010273 -0.032843 0.238855 -0.025778 0.023620 0.207749 0.008265 0.014306 0.195459 0.030298 0.009301 0.187646 0.047475 0.006256 0.179627 -0.023556 0.045998 0.197859 0.015697 0.041733 0.181715 0.041458 0.040122 0.174594 0.061375 0.038782 0.168385 -0.024280 0.066710 0.196222 0.012954 0.066754 0.178341 0.037009 0.066616 0.172995 0.055888 0.066688 0.171413 -0.026737 0.085872 0.202245 0.003776 0.088147 0.197998 0.021055 0.090052 0.207544 0.035951 0.090524 0.218534
-0.089331 0.063803 0.248361 -0.066171 0.030798 0.260762 -0.043548 0.005683 0.255027 -0.024345 -0.014492 0.248640 -0.009024 -0.036312 0.239480 -0.023749 0.019276 0.208798 0.008511 0.010704 0.194520 0.031107 0.006650 0.187934 0.047578 0.003984 0.181326 -0.021852 0.041543 0.198916 0.016894 0.037805 0.181799 0.042168 0.037229 0.174931 0.061714 0.036468 0.169189 -0.022722 0.062016 0.197178 0.013752 0.063667 0.179606 0.037468 0.063744 0.174488 0.054291 0.063682 0.170515 -0.024652 0.082047 0.202936 0.001004 0.085639 0.204367 0.005799 0.085829 0.223200 0.005934 0.084504 0.239629
-0.089075 0.066904 0.251306 -0.065384 0.034895 0.263178 -0.044087 0.010125 0.257260 -0.024730 -0.009311 0.249710 -0.009644 -0.031256 0.239874 -0.023862 0.023531 0.210385 0.008728 0.014726 0.196506 0.030776 0.011037 0.189222 0.047236 0.008828 0.182679 -0.022368 0.045758 0.200000 0.016925 0.042750 0.183343 0.042153 0.042560 0.176081 0.062063 0.041882 0.171216 -0.023793 0.066218 0.199033 0.012586 0.067991 0.181039 0.036512 0.068799 0.175906 0.053754 0.068967 0.172066 -0.026203 0.086377 0.206580 -0.000018 0.088801 0.209070 0.001779 0.087985 0.227942 -0.000930 0.085502 0.244431
-0.090528 0.066187 0.250018 -0.066340 0.033819 0.261672 -0.045205 0.008763 0.255735 -0.026637 -0.010926 0.248389 -0.011459 -0.032795 0.238392 -0.026114 0.022638 0.208370 0.006536 0.013949 0.194396 0.029082 0.010005 0.188109 0.045731 0.007295 0.181405 -0.024164 0.044870 0.198281 0.015306 0.041792 0.181433 0.040972 0.041178 0.174800 0.060579 0.040072 0.168754 -0.025189 0.065427 0.197197 0.011935 0.067274 0.179745 0.036306 0.067411 0.174801 0.053220 0.067152 0.170025 -0.026611 0.085431 0.204565 -0.000620 0.088164 0.208097 0.001341 0.086920 0.226834 -0.001572 0.084237 0.242834
-0.092688 0.066550 0.248039 -0.068863 0.034024 0.259588 -0.047346 0.008736 0.254111 -0.028298 -0.010927 0.246142 -0.012924 -0.032808 0.235910 -0.028535 0.022862 0.205177 0.004312 0.013992 0.192696 0.026786 0.010172 0.186021 0.043394 0.007407 0.178990 -0.026947 0.044710 0.194921 0.012930 0.041586 0.179189 0.039266 0.041003 0.172856 0.059092 0.039821 0.166809 -0.028319 0.065303 0.194198 0.009380 0.067365 0.177995 0.034057 0.067674 0.173423 0.051474 0.067398 0.168823 -0.030072 0.085351 0.202002 -0.003727 0.087917 0.207089 -0.001672 0.086916 0.226323 -0.004372 0.084403 0.243099
-0.093488 0.067040 0.245554 -0.069740 0.034112 0.256143 -0.047809 0.009602 0.251261 -0.029493 -0.009207 0.244268 -0.013457 -0.030444 0.234315 -0.029212 0.023182 0.202897 0.002519 0.014435 0.189303 0.024858 0.010146 0.182432 0.040557 0.007478 0.175501 -0.028370 0.045486 0.193940 0.010897 0.041372 0.175659 0.035581 0.040457 0.166395 0.054583 0.040463 0.162146 -0.029641 0.066642 0.194701 0.010545 0.066910 0.184058 0.033632 0.068311 0.192498 0.049997 0.070614 0.200302 -0.031037 0.087311 0.203332 -0.004464 0.089150 0.210928 -0.006093 0.088020 0.229872 -0.011941 0.087309 0.246294
-0.093115 0.068182 0.247185 -0.067641 0.034881 0.258834 -0.044972 0.010498 0.253538 -0.027609 -0.009723 0.245485 -0.013803 -0.029555 0.236861 -0.027510 0.023704 0.205689 0.003113 0.014832 0.190821 0.025097 0.010248 0.183949 0.040258 0.007722 0.175997 -0.027704 0.046210 0.195006 0.010148 0.043088 0.176997 0.035477 0.041209 0.168615 0.053572 0.040408 0.161646 -0.030192 0.067560 0.195453 0.007891 0.070317 0.186243 0.016979 0.069917 0.208521 0.018919 0.070048 0.226226 -0.033183 0.087850 0.203109 -0.005272 0.090643 0.209013 -0.006366 0.088606 0.225931 -0.012686 0.086977 0.238240
-0.093705 0.070046 0.247670 -0.067922 0.036239 0.258395 -0.045135 0.012508 0.253452 -0.027796 -0.008124 0.245976 -0.013866 -0.028407 0.236458 -0.027564 0.025421 0.204049 0.003852 0.016165 0.189549 0.026214 0.011933 0.183003 0.041309 0.010130 0.176451 -0.028532 0.048375 0.195248 0.010573 0.045088 0.177390 0.036608 0.044211 0.170031 0.054731 0.044800 0.164010 -0.031727 0.070211 0.197002 0.009181 0.073002 0.191784 0.009586 0.072972 0.214041 0.002932 0.073771 0.230446 -0.034602 0.090943 0.204962 -0.005609 0.093259 0.210624 -0.009335 0.091061 0.227251 -0.018781 0.089864 0.239116
-0.095088 0.068265 0.250586 -0.069573 0.034353 0.259937 -0.046233 0.009659 0.254476 -0.028049 -0.011407 0.246863 -0.013298 -0.031147 0.238655 -0.028469 0.023075 0.207361 0.004074 0.014063 0.193670 0.026578 0.009766 0.187245 0.041561 0.007238 0.179746 -0.028773 0.046118 0.198356 0.011044 0.042960 0.179333 0.037426 0.042136 0.172856 0.055439 0.042403 0.166388 -0.031825 0.068293 0.200302 0.009820 0.070514 0.194249 0.012103 0.070291 0.219092 0.007104 0.070635 0.237255 -0.034748 0.088887 0.208959 -0.004896 0.091260 0.213288 -0.007507 0.088847 0.230891 -0.016260 0.087175 0.244027
-0.094482 0.068325 0.252339 -0.069374 0.034816 0.261648 -0.045647 0.010428 0.256694 -0.026832 -0.010803 0.249113 -0.012508 -0.030284 0.239837 -0.028239 0.022916 0.208864 0.005039 0.014132 0.196414 0.027709 0.009652 0.189846 0.042818 0.007025 0.182147 -0.027909 0.045854 0.199693 0.012341 0.042358 0.181697 0.038491 0.041207 0.175215 0.056404 0.041252 0.169422 -0.030578 0.068089 0.202100 0.011448 0.070310 0.196748 0.013216 0.069237 0.221178 0.008103 0.068997 0.239463 -0.033495 0.088785 0.211244 -0.003286 0.090812 0.216594 -0.005961 0.088130 0.234098 -0.014832 0.086238 0.247047
-0.094591 0.065504 0.252676 -0.069791 0.032244 0.261471 -0.045885 0.008170 0.256892 -0.026298 -0.012788 0.250122 -0.012640 -0.032768 0.241451 -0.028532 0.020508 0.208191 0.005220 0.011802 0.195801 0.027798 0.007195 0.188450 0.043493 0.005482 0.184022 -0.028322 0.043480 0.199393 0.012653 0.040138 0.183645 0.037735 0.040551 0.181438 0.055712 0.042652 0.184368 -0.030965 0.065787 0.201359 0.011844 0.068046 0.197272 0.009224 0.067852 0.221271 0.000603 0.068962 0.241698 -0.034361 0.086580 0.209752 -0.002878 0.088925 0.214997 -0.006653 0.086314 0.232750 -0.016421 0.084783 0.247207
-0.094796 0.065754 0.255191 -0.072902 0.031983 0.260835 -0.048482 0.007941 0.256653 -0.027912 -0.011371 0.251146 -0.013629 -0.031191 0.242472 -0.031545 0.021146 0.206715 0.004141 0.012142 0.195885 0.026326 0.008747 0.189325 0.041052 0.007081 0.182633 -0.031070 0.044304 0.202535 0.012572 0.042629 0.186632 0.030656 0.047555 0.205824 0.036021 0.050952 0.224865 -0.033073 0.066480 0.206908 0.009049 0.069740 0.206253 0.009346 0.070393 0.226345 0.000545 0.070050 0.244815 -0.037201 0.086893 0.214904 -0.005928 0.089525 0.217466 -0.008622 0.087087 0.232643 -0.019426 0.083998 0.246282
-0.092916 0.066068 0.257482 -0.073074 0.033570 0.263095 -0.047966 0.008342 0.256826 -0.026477 -0.011591 0.249685 -0.013770 -0.030831 0.242619 -0.029638 0.020975 0.207776 0.006128 0.012370 0.195953 0.027864 0.010174 0.190776 0.043480 0.009370 0.187352 -0.029374 0.044316 0.203535 0.015776 0.044143 0.192054 0.018232 0.051288 0.215859 0.008494 0.055394 0.234656 -0.031763 0.066737 0.206712 0.011376 0.069264 0.200777 0.011637 0.071785 0.225949 0.002646 0.072014 0.244926 -0.037366 0.087319 0.213758 -0.005997 0.089420 0.214194 -0.009128 0.088699 0.232201 -0.020618 0.086610 0.245396
-0.093538 0.064726 0.258972 -0.073401 0.033005 0.263825 -0.048012 0.008484 0.257892 -0.025672 -0.011496 0.251186 -0.012216 -0.030806 0.244001 -0.030210 0.020025 0.208871 0.005038 0.012176 0.195771 0.027343 0.010037 0.189963 0.043962 0.009250 0.187112 -0.029561 0.043518 0.204770 0.015654 0.044286 0.193953 0.017009 0.051422 0.219356 0.007831 0.054985 0.238110 -0.031866 0.066196 0.208214 0.011505 0.068815 0.200886 0.011875 0.071591 0.226731 0.005312 0.072100 0.245970 -0.037370 0.087173 0.215642 -0.005496 0.088936 0.214772 -0.009841 0.088405 0.232845 -0.020901 0.086619 0.246523
-0.091868 0.066130 0.258649 -0.072753 0.034458 0.263249 -0.047960 0.009559 0.258095 -0.025695 -0.010816 0.251147 -0.012194 -0.029850 0.244177 -0.030724 0.021432 0.209952 0.004829 0.013178 0.196419 0.026811 0.010956 0.190803 0.043626 0.010133 0.187406 -0.030083 0.044674 0.205626 0.014901 0.045431 0.195191 0.014158 0.052558 0.221135 0.002747 0.055512 0.238829 -0.032138 0.067091 0.208324 0.011415 0.069604 0.201822 0.007746 0.072953 0.227757 -0.003707 0.073538 0.245871 -0.037491 0.087785 0.215052 -0.005336 0.089957 0.214696 -0.010950 0.089932 0.232835 -0.023737 0.088262 0.245724
-0.092614 0.065486 0.256916 -0.073460 0.033796 0.263566 -0.048572 0.009637 0.259578 -0.026290 -0.011174 0.252697 -0.012618 -0.030535 0.245691 -0.031244 0.021132 0.212388 0.006335 0.014307 0.202793 0.029538 0.013697 0.200606 0.047867 0.014537 0.201931 -0.030550 0.044201 0.207052 0.013705 0.045735 0.198901 0.013883 0.052050 0.223995 0.003351 0.055036 0.241923 -0.033011 0.066604 0.208145 0.010265 0.069443 0.202365 0.010312 0.072491 0.229050 0.003375 0.072889 0.247870 -0.038410 0.087565 0.214123 -0.006781 0.088811 0.214465 -0.012068 0.089027 0.233461 -0.023619 0.087564 0.247367
-0.093197 0.065411 0.259982 -0.075123 0.033625 0.263334 -0.050443 0.008434 0.257785 -0.028336 -0.012460 0.250821 -0.015071 -0.031384 0.244179 -0.031206 0.020027 0.211800 0.006225 0.018043 0.206457 0.026307 0.024904 0.222695 0.038649 0.031185 0.236951 -0.030700 0.042717 0.206932 0.012830 0.044242 0.200413 0.013009 0.051234 0.224099 0.003694 0.055366 0.240890 -0.033310 0.064945 0.207604 0.008711 0.067860 0.201767 0.008897 0.071290 0.227303 0.003447 0.072146 0.245338 -0.038969 0.085967 0.212890 -0.008614 0.087433 0.214730 -0.014387 0.087692 0.232726 -0.026017 0.086036 0.244470
-0.091477 0.064049 0.262608 -0.075121 0.032902 0.264725 -0.050679 0.005958 0.257831 -0.030429 -0.014739 0.249467 -0.019053 -0.033545 0.241598 -0.031223 0.019510 0.212894 0.009470 0.022764 0.214431 0.008227 0.031882 0.237444 -0.004192 0.036090 0.251199 -0.031007 0.042409 0.207355 0.012852 0.042841 0.201818 0.006092 0.050354 0.229623 -0.010258 0.052860 0.245904 -0.033620 0.064029 0.207297 0.007826 0.065146 0.201225 -0.002034 0.069831 0.229288 -0.018864 0.070373 0.245950 -0.039390 0.084556 0.211728 -0.009171 0.085517 0.212876 -0.018262 0.086516 0.233085 -0.033350 0.084728 0.244019
-0.089892 0.064002 0.264822 -0.073635 0.033192 0.267743 -0.050226 0.005948 0.259141 -0.031087 -0.015337 0.249276 -0.021867 -0.034895 0.241121 -0.029631 0.019591 0.213719 0.011850 0.023766 0.219036 0.006973 0.032538 0.242401 -0.008654 0.036756 0.255487 -0.029415 0.042792 0.206804 0.014863 0.043750 0.204900 0.005613 0.051252 0.232969 -0.012198 0.053697 0.247849 -0.032162 0.064312 0.206055 0.009518 0.065942 0.202580 -0.000952 0.070534 0.231400 -0.017823 0.070626 0.246472 -0.037912 0.084801 0.210645 -0.008111 0.086236 0.214896 -0.017469 0.086971 0.236404 -0.032597 0.084625 0.246200
-0.089985 0.063862 0.264678 -0.074890 0.033651 0.267588 -0.050616 0.005539 0.259743 -0.031773 -0.016237 0.249980 -0.022526 -0.035860 0.242127 -0.028652 0.018009 0.213813 0.012604 0.022226 0.219402 0.007819 0.031290 0.242414 -0.007843 0.034841 0.254464 -0.028787 0.041011 0.206898 0.015007 0.043324 0.205763 0.005975 0.050957 0.233769 -0.011699 0.052531 0.247643 -0.031774 0.062755 0.206587 0.009006 0.065396 0.204048 -0.001542 0.070195 0.232420 -0.018566 0.069718 0.246128 -0.037810 0.083381 0.211245 -0.007948 0.085760 0.215648 -0.017665 0.086977 0.236940 -0.032992 0.084466 0.246364
-0.090459 0.064049 0.265705 -0.074578 0.033104 0.268321 -0.050272 0.005350 0.260181 -0.031227 -0.016488 0.250081 -0.021790 -0.036592 0.241870 -0.029518 0.018415 0.213664 0.012114 0.022408 0.217726 0.006923 0.031039 0.240995 -0.009188 0.034438 0.252446 -0.029793 0.041306 0.207076 0.014758 0.043162 0.205731 0.004279 0.050615 0.233991 -0.014494 0.051944 0.247071 -0.032780 0.062965 0.206751 0.008504 0.065314 0.204010 -0.002588 0.070115 0.232520 -0.020079 0.069509 0.245494 -0.038795 0.083505 0.211184 -0.008314 0.085571 0.215303 -0.018333 0.086709 0.236626 -0.033785 0.083907 0.246024
-0.091091 0.063321 0.264721 -0.072988 0.033201 0.269822 -0.048636 0.005405 0.264264 -0.024765 -0.012603 0.257568 -0.003307 -0.015810 0.250006 -0.031222 0.018138 0.214336 0.010218 0.022432 0.219266 0.007166 0.029308 0.242499 -0.008397 0.031491 0.251892 -0.031024 0.041509 0.208112 0.014387 0.043252 0.206918 0.005884 0.049782 0.235693 -0.012702 0.050295 0.246836 -0.033400 0.063734 0.208233 0.008896 0.065748 0.205475 -0.000591 0.069716 0.234738 -0.018419 0.068171 0.246410 -0.039138 0.084257 0.213206 -0.007443 0.085741 0.217937 -0.016001 0.086338 0.239511 -0.031868 0.083489 0.248172
-0.092301 0.059639 0.264303 -0.072530 0.031859 0.269961 -0.045122 0.006936 0.264360 -0.018369 -0.000696 0.261961 -0.004766 0.012903 0.256703 -0.030365 0.016412 0.215390 0.010510 0.019101 0.216585 0.005466 0.026895 0.239493 -0.011117 0.029388 0.249049 -0.030838 0.040000 0.210873 0.014377 0.040978 0.203385 0.005043 0.048283 0.232210 -0.013914 0.048793 0.243269 -0.033784 0.062257 0.211060 0.008450 0.064609 0.205082 -0.001062 0.068554 0.233291 -0.019222 0.066553 0.244816 -0.040077 0.082848 0.215642 -0.008834 0.084351 0.218435 -0.016707 0.084766 0.238640 -0.032700 0.081725 0.246809
-0.094228 0.057679 0.261177 -0.072549 0.030906 0.267844 -0.042338 0.010759 0.266296 -0.013626 0.006189 0.264516 -0.001334 0.016925 0.255482 -0.028909 0.015557 0.214298 0.009835 0.018823 0.216368 0.004062 0.026608 0.236798 -0.011711 0.028986 0.244057 -0.029183 0.037738 0.207880 0.014476 0.040932 0.205783 0.003566 0.048248 0.234013 -0.015040 0.048120 0.242274 -0.032144 0.059336 0.207589 0.008587 0.063880 0.207907 -0.002737 0.067837 0.235817 -0.020546 0.065605 0.244796 -0.038894 0.080134 0.212652 -0.009200 0.083468 0.221511 -0.018053 0.083008 0.241814 -0.033505 0.079317 0.248211
-0.095360 0.057911 0.263032 -0.074457 0.030943 0.268822 -0.044093 0.010069 0.266843 -0.015464 0.005039 0.264978 -0.002745 0.015144 0.256770 -0.029834 0.014583 0.214845 0.009220 0.018268 0.219110 0.003871 0.025953 0.240096 -0.011819 0.028081 0.246110 -0.030286 0.036853 0.208116 0.014682 0.039556 0.206155 0.003746 0.047339 0.235173 -0.015261 0.047321 0.242376 -0.033239 0.058927 0.208375 0.008402 0.062670 0.207953 -0.003524 0.067156 0.236918 -0.021606 0.064982 0.244939 -0.040064 0.080356 0.214079 -0.009351 0.083726 0.223665 -0.018657 0.083491 0.244171 -0.034549 0.079509 0.249030
-0.094386 0.059004 0.263806 -0.073127 0.031484 0.270575 -0.042466 0.010457 0.268689 -0.013538 0.005624 0.266323 -0.001176 0.016632 0.257864 -0.029966 0.014892 0.216225 0.010393 0.018885 0.220377 0.004394 0.026832 0.240229 -0.011626 0.029214 0.245942 -0.030306 0.037254 0.208506 0.015003 0.041017 0.208377 0.004086 0.048967 0.237454 -0.014748 0.048704 0.244321 -0.032921 0.059156 0.207741 0.008929 0.064284 0.210396 -0.002723 0.068693 0.239273 -0.020964 0.066099 0.246535 -0.039150 0.080232 0.212395 -0.008629 0.084027 0.223116 -0.017794 0.083839 0.243636 -0.033586 0.079832 0.248525
-0.091150 0.064243 0.265987 -0.070896 0.035222 0.274707 -0.042950 0.011541 0.271313 -0.016789 -0.003850 0.265739 0.004673 -0.013995 0.257460 -0.029485 0.016354 0.217567 0.011280 0.020236 0.219963 0.005637 0.028313 0.241690 -0.011382 0.030866 0.249877 -0.029948 0.038625 0.209396 0.015818 0.042185 0.209091 0.005398 0.049529 0.237111 -0.013504 0.049356 0.245994 -0.032623 0.060386 0.208644 0.009825 0.065216 0.211529 -0.001783 0.069000 0.239112 -0.019556 0.066254 0.246860 -0.038609 0.080886 0.213054 -0.008170 0.084268 0.222208 -0.017467 0.083743 0.242655 -0.032546 0.079433 0.248403
-0.090019 0.065160 0.267681 -0.071872 0.036180 0.274081 -0.046141 0.009906 0.266775 -0.024325 -0.011183 0.258850 -0.011537 -0.030721 0.253100 -0.029876 0.017789 0.215542 0.012235 0.022593 0.219697 0.004919 0.031149 0.241841 -0.012508 0.031194 0.245663 -0.029666 0.040642 0.209069 0.015676 0.044255 0.211953 0.003226 0.052057 0.239568 -0.016597 0.050440 0.245112 -0.032250 0.062909 0.209619 0.009582 0.066741 0.210779 -0.003061 0.071515 0.239500 -0.021763 0.067760 0.245990 -0.038441 0.083108 0.214217 -0.008423 0.086360 0.222501 -0.018493 0.086996 0.243796 -0.033918 0.082503 0.249950
-0.090890 0.065154 0.267965 -0.073325 0.035546 0.272279 -0.047500 0.008910 0.264373 -0.026307 -0.012452 0.256003 -0.014913 -0.032408 0.250205 -0.029948 0.018366 0.214184 0.011369 0.023497 0.220067 0.004072 0.031112 0.242666 -0.013175 0.030959 0.245912 -0.029468 0.041898 0.209426 0.014602 0.045053 0.212090 0.002391 0.051657 0.239357 -0.016963 0.050117 0.244296 -0.031947 0.064118 0.211149 0.009009 0.067520 0.210590 -0.003346 0.071523 0.238730 -0.021451 0.068138 0.244888 -0.037971 0.084224 0.216308 -0.007843 0.086803 0.222175 -0.017516 0.087366 0.243497 -0.032757 0.083297 0.249946
-0.092213 0.064086 0.265498 -0.074292 0.033669 0.269664 -0.048766 0.008201 0.263182 -0.027954 -0.013200 0.254887 -0.016270 -0.032786 0.248005 -0.029917 0.018043 0.213101 0.010770 0.021108 0.213884 0.008150 0.029831 0.234483 -0.006086 0.033262 0.244348 -0.030364 0.041565 0.209117 0.014686 0.045739 0.210193 0.002957 0.052530 0.235517 -0.016406 0.052250 0.244796 -0.033208 0.063778 0.210586 0.008634 0.067624 0.210074 -0.003795 0.071457 0.236161 -0.021879 0.069175 0.245708 -0.039306 0.083846 0.215562 -0.008696 0.086284 0.221366 -0.019112 0.086943 0.240984 -0.034672 0.083345 0.248386
-0.094590 0.064405 0.262988 -0.074697 0.033037 0.267046 -0.049255 0.008544 0.262771 -0.028523 -0.012618 0.255382 -0.016949 -0.032038 0.248201 -0.031178 0.019347 0.215168 0.004929 0.013540 0.203198 0.024180 0.019349 0.215267 0.036782 0.025732 0.228639 -0.032089 0.042566 0.212633 0.014465 0.045532 0.209463 0.006554 0.051628 0.232695 -0.010929 0.052267 0.243260 -0.034785 0.065089 0.214704 0.008681 0.068509 0.212266 -0.002455 0.071375 0.236363 -0.019665 0.069448 0.246927 -0.040003 0.085500 0.219734 -0.008365 0.087442 0.222983 -0.018061 0.087535 0.240708 -0.033230 0.084449 0.249153
-0.094521 0.065171 0.262445 -0.074867 0.033791 0.266751 -0.048753 0.009264 0.262196 -0.027672 -0.011939 0.255409 -0.015529 -0.032006 0.248663 -0.031048 0.020859 0.216169 0.006532 0.014559 0.207184 0.028854 0.013961 0.203593 0.046980 0.014075 0.201650 -0.031648 0.043971 0.212015 0.014979 0.046516 0.209091 0.005454 0.052476 0.232335 -0.012481 0.053262 0.244214 -0.034336 0.066421 0.214084 0.009055 0.069627 0.212610 -0.003545 0.072937 0.237119 -0.021131 0.072156 0.248614 -0.039668 0.086920 0.220467 -0.007615 0.088450 0.223433 -0.018635 0.088880 0.241784 -0.034473 0.086647 0.251018
-0.094927 0.064696 0.261969 -0.074496 0.032964 0.266242 -0.048790 0.008439 0.261533 -0.028507 -0.012405 0.254479 -0.015585 -0.032263 0.247901 -0.031193 0.020733 0.215787 0.005013 0.013132 0.205142 0.027337 0.011952 0.200579 0.045362 0.011596 0.197584 -0.032339 0.043814 0.211818 0.014692 0.045999 0.207374 0.005264 0.052288 0.230336 -0.012545 0.052896 0.241752 -0.034947 0.066327 0.214028 0.008910 0.069344 0.212435 -0.003797 0.072721 0.236870 -0.021162 0.071711 0.248314 -0.039927 0.086531 0.220207 -0.008196 0.088178 0.223614 -0.019335 0.088669 0.241796 -0.034674 0.086306 0.250755
-0.095898 0.065084 0.261490 -0.076019 0.033739 0.265567 -0.050024 0.008723 0.261181 -0.028594 -0.012075 0.254115 -0.015901 -0.032084 0.247321 -0.032114 0.020580 0.214550 0.004525 0.012457 0.203947 0.026746 0.010859 0.199173 0.043896 0.010354 0.195371 -0.032999 0.043303 0.209121 0.013627 0.043924 0.198935 0.011164 0.050236 0.222940 -0.002636 0.052841 0.238989 -0.035795 0.065473 0.211493 0.008194 0.068742 0.208578 -0.001868 0.071694 0.233608 -0.018967 0.072069 0.249192 -0.040871 0.085820 0.218892 -0.008438 0.087912 0.221713 -0.017946 0.088137 0.239094 -0.033295 0.086306 0.249945
-0.097418 0.063929 0.260332 -0.074082 0.031090 0.265166 -0.048731 0.007894 0.262065 -0.029450 -0.011752 0.255294 -0.015691 -0.032124 0.247326 -0.032196 0.021388 0.214321 0.003185 0.012433 0.204996 0.026357 0.009856 0.198685 0.041925 0.008201 0.193490 -0.034735 0.043529 0.207540 0.008440 0.039694 0.187042 0.028183 0.044162 0.198521 0.038161 0.047664 0.214760 -0.038438 0.065607 0.211091 0.004936 0.069125 0.209721 0.000751 0.070498 0.231709 -0.010609 0.070062 0.249798 -0.042848 0.085197 0.220748 -0.011324 0.088466 0.224219 -0.017233 0.086366 0.240068 -0.029319 0.083963 0.253795
-0.097565 0.065030 0.258480 -0.074638 0.032510 0.266177 -0.048821 0.008720 0.262450 -0.028737 -0.011327 0.255542 -0.017008 -0.031568 0.248096 -0.031507 0.020527 0.216727 0.004007 0.012752 0.206168 0.026381 0.008038 0.197789 0.042969 0.005914 0.192339 -0.032765 0.042575 0.208583 0.010365 0.039261 0.192879 0.036780 0.040660 0.192469 0.055400 0.043767 0.195723 -0.036903 0.064958 0.210006 0.007638 0.068915 0.207693 -0.001809 0.069407 0.231390 -0.015799 0.070238 0.249460 -0.041639 0.085288 0.218084 -0.010603 0.088553 0.225012 -0.019713 0.086792 0.241066 -0.033241 0.085126 0.252099
-0.099621 0.064656 0.260376 -0.076097 0.032333 0.266391 -0.050138 0.008911 0.262884 -0.030209 -0.011616 0.255500 -0.017503 -0.031863 0.247040 -0.032912 0.020835 0.216755 0.002499 0.011653 0.204532 0.025061 0.005558 0.195413 0.041299 0.002071 0.188016 -0.033968 0.042765 0.208133 0.010287 0.040507 0.194770 0.036762 0.041082 0.191578 0.055718 0.042960 0.191843 -0.037839 0.065076 0.210286 0.007519 0.068935 0.207885 -0.002551 0.069645 0.231369 -0.016746 0.070425 0.249388 -0.042431 0.085153 0.218610 -0.011463 0.088294 0.224409 -0.020504 0.086263 0.240422 -0.033656 0.084634 0.252569
-0.099930 0.064918 0.258944 -0.076995 0.033012 0.266599 -0.050396 0.009597 0.262751 -0.029848 -0.010766 0.256001 -0.017840 -0.031342 0.247144 -0.033044 0.020564 0.216714 0.002702 0.011571 0.204311 0.025033 0.005868 0.195620 0.041160 0.002913 0.188084 -0.033675 0.042668 0.208788 0.010924 0.040193 0.195343 0.037380 0.041011 0.191941 0.056309 0.043190 0.190628 -0.037698 0.065098 0.210460 0.007565 0.069403 0.207047 -0.003175 0.069899 0.230400 -0.017563 0.070437 0.248163 -0.042915 0.085626 0.217717 -0.011497 0.088808 0.223771 -0.020833 0.086687 0.240052 -0.034052 0.084664 0.251984
-0.099600 0.064287 0.259646 -0.076878 0.033266 0.267294 -0.050029 0.009804 0.263693 -0.029014 -0.010696 0.257096 -0.016692 -0.031405 0.248356 -0.032575 0.020962 0.218530 0.002999 0.012222 0.205415 0.024644 0.006462 0.196154 0.040906 0.003375 0.188714 -0.033051 0.043000 0.209567 0.011081 0.040203 0.195298 0.036939 0.040853 0.191939 0.056011 0.042992 0.191746 -0.036854 0.065095 0.210701 0.008280 0.069586 0.206855 -0.000803 0.070005 0.229964 -0.014423 0.070482 0.247465 -0.042201 0.085438 0.218023 -0.010063 0.089025 0.224911 -0.019020 0.086816 0.241285 -0.032341 0.084508 0.253230
-0.098327 0.064245 0.259795 -0.075576 0.033273 0.269172 -0.049595 0.009656 0.264847 -0.029384 -0.010054 0.257632 -0.016248 -0.031448 0.248512 -0.032496 0.020536 0.219512 0.001975 0.011549 0.206403 0.024438 0.006485 0.197736 0.041220 0.003498 0.191318 -0.032567 0.042830 0.209217 0.010283 0.039565 0.193721 0.036915 0.040144 0.190355 0.056226 0.041678 0.191593 -0.035736 0.064862 0.208421 0.006149 0.068848 0.199149 0.018373 0.070900 0.217235 0.023888 0.073081 0.235356 -0.040671 0.084871 0.214630 -0.011300 0.088177 0.217591 -0.014047 0.087189 0.233150 -0.021544 0.087120 0.248960
-0.097253 0.065005 0.259779 -0.074589 0.034390 0.270272 -0.050256 0.010212 0.265776 -0.030267 -0.009413 0.258416 -0.016141 -0.031728 0.249370 -0.032443 0.021208 0.219554 0.002425 0.011783 0.207034 0.025603 0.007171 0.199353 0.042207 0.003494 0.191979 -0.032172 0.042969 0.209111 0.011212 0.039563 0.195670 0.037212 0.040308 0.190108 0.057059 0.041316 0.188397 -0.034778 0.064364 0.208100 0.007923 0.067979 0.197863 0.030756 0.071869 0.202283 0.047304 0.075518 0.207121 -0.038689 0.084581 0.215973 -0.011218 0.087710 0.223125 -0.014481 0.086808 0.242412 -0.021264 0.085723 0.259838
-0.096539 0.065845 0.260885 -0.073826 0.034519 0.271360 -0.049979 0.009976 0.266518 -0.029920 -0.009713 0.258759 -0.015626 -0.031720 0.249756 -0.031717 0.021044 0.220619 0.002630 0.011752 0.207858 0.025479 0.007153 0.200155 0.042051 0.003667 0.192737 -0.031232 0.042727 0.209253 0.011756 0.039083 0.195442 0.037502 0.039644 0.189738 0.057378 0.040674 0.188234 -0.033779 0.064118 0.207591 0.008287 0.068092 0.198130 0.030881 0.071873 0.201904 0.047455 0.075675 0.206365 -0.037767 0.084334 0.215181 -0.009806 0.087381 0.223994 -0.012881 0.086483 0.243172 -0.019436 0.085801 0.260641
-0.096143 0.066219 0.260320 -0.073169 0.035089 0.271152 -0.049987 0.010460 0.266534 -0.029978 -0.009287 0.258827 -0.015744 -0.031460 0.249410 -0.031748 0.021428 0.219688 0.002683 0.011996 0.207397 0.025667 0.007404 0.200025 0.042318 0.003908 0.192661 -0.031413 0.043035 0.208316 0.011342 0.039591 0.195036 0.037432 0.039794 0.189668 0.057123 0.040510 0.187546 -0.033735 0.064550 0.206993 0.008408 0.067976 0.196334 0.031541 0.071480 0.198732 0.048291 0.075431 0.201734 -0.036844 0.084960 0.214605 -0.009279 0.087801 0.221771 -0.014945 0.087392 0.239566 -0.024915 0.087678 0.255789
-0.095532 0.066481 0.259802 -0.071559 0.034519 0.271604 -0.048617 0.009851 0.266745 -0.029015 -0.009530 0.259436 -0.016141 -0.031063 0.249980 -0.032066 0.021865 0.222091 0.003543 0.011584 0.209518 0.026147 0.006497 0.201313 0.043019 0.003334 0.193580 -0.031036 0.044037 0.210920 0.010870 0.039881 0.195718 0.036930 0.040028 0.189459 0.056227 0.041198 0.185760 -0.033312 0.065186 0.208449 0.004499 0.067556 0.193261 0.028608 0.070504 0.194217 0.046867 0.074749 0.199440 -0.037393 0.085663 0.214108 -0.008688 0.090611 0.215732 0.003648 0.092865 0.228490 0.012687 0.095150 0.243084
-0.096021 0.066926 0.261374 -0.072899 0.035822 0.272205 -0.049134 0.010824 0.267030 -0.029178 -0.009433 0.259269 -0.016783 -0.030669 0.251273 -0.030712 0.023505 0.222557 0.003519 0.012610 0.209769 0.025758 0.007526 0.201554 0.043199 0.004363 0.193547 -0.029519 0.045395 0.211306 0.010859 0.040477 0.195805 0.036719 0.039684 0.189433 0.056998 0.040116 0.183942 -0.032090 0.066531 0.208901 0.005487 0.067923 0.192373 0.029962 0.071364 0.190948 0.049657 0.075399 0.191356 -0.036834 0.086801 0.214495 -0.008044 0.094228 0.208408 0.009300 0.100885 0.211424 0.025321 0.106600 0.214971
-0.097340 0.066368 0.260276 -0.075527 0.034857 0.270586 -0.050931 0.010508 0.265832 -0.030503 -0.010314 0.259550 -0.018237 -0.031512 0.251382 -0.032081 0.023116 0.220665 0.002265 0.011927 0.207682 0.024841 0.006349 0.199292 0.041681 0.002919 0.190615 -0.030691 0.045315 0.209934 0.009282 0.039884 0.192771 0.034919 0.038835 0.185153 0.054841 0.038611 0.177407 -0.032622 0.066678 0.207494 0.004941 0.068259 0.189536 0.028710 0.070734 0.182821 0.047573 0.073308 0.178365 -0.037244 0.087201 0.212881 -0.009223 0.096555 0.200435 0.007426 0.103857 0.194216 0.022197 0.109548 0.190121
-0.098085 0.065498 0.259673 -0.076131 0.033711 0.269619 -0.051022 0.009144 0.265558 -0.030293 -0.011460 0.259321 -0.018124 -0.032658 0.251507 -0.032240 0.022740 0.219950 0.001399 0.010637 0.206669 0.023991 0.004474 0.198105 0.040814 0.000655 0.188896 -0.031256 0.044290 0.208731 0.007526 0.038725 0.191403 0.033178 0.037124 0.182855 0.052211 0.036504 0.173592 -0.033169 0.065470 0.206494 0.004013 0.066783 0.187865 0.027989 0.068744 0.179676 0.046185 0.071114 0.173305 -0.037496 0.085994 0.212153 -0.008806 0.095241 0.199795 0.008060 0.102428 0.193723 0.022523 0.108069 0.189448
-0.097475 0.064962 0.258235 -0.075234 0.033311 0.269443 -0.050705 0.009222 0.265174 -0.030119 -0.010884 0.259443 -0.017696 -0.032562 0.250640 -0.032654 0.022711 0.220573 0.000777 0.010854 0.206561 0.023271 0.004532 0.197077 0.039944 0.000462 0.187504 -0.031744 0.044324 0.209013 0.007264 0.038833 0.190699 0.033262 0.037383 0.182316 0.052582 0.036770 0.173506 -0.033485 0.065225 0.205714 0.003428 0.066614 0.186966 0.027626 0.068567 0.178592 0.045969 0.070927 0.172487 -0.037572 0.085555 0.210193 -0.009584 0.094909 0.196924 0.007162 0.101849 0.190219 0.021624 0.107325 0.185997
-0.096666 0.065839 0.259135 -0.072927 0.034013 0.270569 -0.049071 0.009112 0.266129 -0.029167 -0.011116 0.259947 -0.015856 -0.032760 0.252450 -0.031734 0.022064 0.221137 0.001031 0.010100 0.206536 0.023854 0.003884 0.197584 0.040366 0.000114 0.188085 -0.030788 0.044060 0.209709 0.007398 0.038904 0.191677 0.033697 0.037449 0.184101 0.053044 0.036973 0.175974 -0.032437 0.065119 0.206933 0.003276 0.066646 0.187663 0.027858 0.068283 0.179959 0.046157 0.070775 0.173886 -0.036093 0.085589 0.211863 -0.008803 0.094186 0.197938 0.007976 0.100988 0.191650 0.022438 0.106456 0.187528
-0.095418 0.066816 0.260930 -0.070413 0.036193 0.269537 -0.044664 0.014074 0.265606 -0.021051 -0.002928 0.257502 -0.001745 -0.017283 0.249222 -0.035979 0.021541 0.213754 -0.001113 0.012049 0.198389 0.018596 0.017218 0.210684 0.031603 0.023425 0.224610 -0.035112 0.043505 0.204710 0.003746 0.038217 0.186048 0.026926 0.044829 0.202987 0.038728 0.049460 0.217443 -0.035908 0.065253 0.202590 0.000744 0.063607 0.185338 0.022446 0.068995 0.197944 0.035910 0.071912 0.211029 -0.039519 0.086296 0.208181 -0.009974 0.090416 0.199000 0.008023 0.095071 0.205189 0.021768 0.097345 0.213836
-0.092043 0.065222 0.267601 -0.069320 0.039562 0.272239 -0.039320 0.021960 0.267353 -0.008897 0.012338 0.261891 0.013228 0.006625 0.250119 -0.035487 0.019163 0.215468 0.002554 0.017317 0.207378 0.004975 0.026248 0.226452 -0.004102 0.032535 0.241424 -0.035998 0.041857 0.209850 0.007764 0.041098 0.202846 0.007022 0.049399 0.230913 -0.006969 0.052783 0.247188 -0.036823 0.063742 0.207061 0.004153 0.063214 0.198948 0.006717 0.068232 0.225233 -0.004765 0.069652 0.244023 -0.039794 0.084312 0.209152 -0.007533 0.087416 0.202254 0.003627 0.087772 0.221633 0.004450 0.084404 0.238776
-0.087753 0.063035 0.276040 -0.065278 0.037914 0.278053 -0.036009 0.020297 0.273457 -0.006545 0.014307 0.267412 0.011203 0.020531 0.255917 -0.032879 0.011993 0.219931 0.004951 0.018377 0.232718 -0.002225 0.025373 0.249300 -0.016024 0.027053 0.253265 -0.032825 0.033866 0.211716 0.008637 0.038412 0.225548 -0.006753 0.046015 0.251276 -0.025459 0.045834 0.252072 -0.033780 0.055993 0.210295 0.005917 0.060147 0.222692 -0.008381 0.064266 0.247515 -0.026307 0.062797 0.249762 -0.036615 0.078062 0.213891 -0.004157 0.080798 0.224056 -0.012194 0.080367 0.241431 -0.026371 0.077102 0.243224
-0.087304 0.060229 0.276247 -0.066658 0.034024 0.280042 -0.037383 0.015523 0.277217 -0.007690 0.011694 0.271906 0.006207 0.020204 0.260984 -0.033100 0.009304 0.222729 0.006619 0.018146 0.240412 -0.006757 0.026291 0.255104 -0.023545 0.028012 0.259489 -0.034111 0.030854 0.212241 0.006303 0.039461 0.235650 -0.011229 0.047393 0.258096 -0.029020 0.046621 0.256391 -0.035639 0.053276 0.210091 0.003348 0.060153 0.231719 -0.013901 0.064575 0.252740 -0.031532 0.063154 0.253344 -0.038559 0.075797 0.213706 -0.007156 0.079198 0.230041 -0.018414 0.079408 0.245635 -0.033093 0.076768 0.246488
-0.087537 0.061143 0.278079 -0.067267 0.034804 0.282507 -0.038728 0.015230 0.278813 -0.008905 0.010345 0.273095 0.006049 0.017526 0.261103 -0.032755 0.010396 0.224174 0.005817 0.018360 0.240956 -0.009158 0.026552 0.256323 -0.024604 0.028747 0.260846 -0.033929 0.032049 0.213921 0.005911 0.039588 0.236493 -0.012832 0.047421 0.259558 -0.028974 0.047052 0.257192 -0.035476 0.054347 0.212089 0.002810 0.060511 0.233721 -0.015359 0.065124 0.255426 -0.032023 0.064341 0.255344 -0.038066 0.076909 0.215567 -0.007368 0.079457 0.231189 -0.019188 0.079843 0.246867 -0.033273 0.077760 0.247700
-0.087021 0.060441 0.278738 -0.067133 0.033768 0.283282 -0.038177 0.013940 0.280486 -0.008711 0.009756 0.274805 0.005893 0.017422 0.263078 -0.033031 0.008722 0.226958 0.005436 0.016901 0.242885 -0.009040 0.025209 0.258107 -0.024353 0.027464 0.263401 -0.033816 0.030131 0.215589 0.005630 0.038561 0.238602 -0.012750 0.046567 0.261190 -0.029246 0.046476 0.259861 -0.035144 0.052406 0.212855 0.003256 0.059348 0.235142 -0.014645 0.063982 0.256866 -0.031395 0.063225 0.257769 -0.037652 0.075111 0.215843 -0.006658 0.078503 0.232640 -0.018000 0.078832 0.248984 -0.031969 0.076567 0.250309
-0.087860 0.061053 0.278798 -0.068069 0.034287 0.283932 -0.039157 0.014096 0.280353 -0.009901 0.009769 0.274082 0.005005 0.017511 0.262785 -0.033206 0.008728 0.225746 0.005836 0.018164 0.242129 -0.009231 0.026389 0.257610 -0.024700 0.027624 0.261502 -0.034247 0.030255 0.214720 0.005779 0.038771 0.237610 -0.013253 0.046729 0.260345 -0.029540 0.046145 0.257975 -0.035705 0.052628 0.212683 0.002777 0.059216 0.233997 -0.015764 0.063952 0.255835 -0.032444 0.062944 0.256184 -0.038244 0.075322 0.216018 -0.007232 0.078491 0.231628 -0.018923 0.078719 0.247759 -0.032945 0.076400 0.249212
-0.087893 0.058803 0.278597 -0.069098 0.034599 0.284803 -0.039822 0.013978 0.281048 -0.009999 0.010648 0.275052 0.003816 0.018547 0.262832 -0.031203 0.009830 0.224652 0.005899 0.018931 0.241970 -0.008559 0.027883 0.257692 -0.023383 0.029724 0.264182 -0.032763 0.031164 0.214115 0.004478 0.041745 0.241085 -0.013899 0.048396 0.263049 -0.028525 0.045788 0.262605 -0.035098 0.052836 0.213041 -0.000000 0.061825 0.236897 -0.016772 0.064866 0.257434 -0.033018 0.062394 0.261773 -0.037307 0.073492 0.217333 -0.005308 0.082519 0.224224 0.012490 0.088302 0.232481 0.028272 0.090542 0.233720
-0.085600 0.060025 0.280959 -0.066116 0.035191 0.287392 -0.037029 0.015788 0.284716 -0.006939 0.012262 0.277983 0.006415 0.021312 0.267729 -0.029833 0.009847 0.230089 0.007837 0.020510 0.247143 -0.006880 0.029885 0.262728 -0.022857 0.030987 0.268291 -0.030681 0.031700 0.218465 0.007111 0.042850 0.244205 -0.011789 0.050086 0.266847 -0.027550 0.047157 0.264376 -0.032192 0.053698 0.216991 0.002906 0.062779 0.237263 -0.014108 0.065473 0.258292 -0.031628 0.062589 0.261980 -0.033711 0.074394 0.220658 -0.002543 0.083659 0.216030 0.015689 0.089915 0.214373 0.031727 0.092853 0.209071
-0.085712 0.059051 0.281301 -0.066544 0.033892 0.286514 -0.037603 0.014694 0.283955 -0.007354 0.010685 0.277585 0.006470 0.018877 0.266911 -0.029845 0.009988 0.230450 0.007414 0.021077 0.246770 -0.006624 0.029895 0.263812 -0.022250 0.030529 0.270716 -0.031342 0.030963 0.217823 0.006527 0.042588 0.244370 -0.011844 0.049645 0.266916 -0.026850 0.047280 0.267029 -0.033263 0.052662 0.215937 0.001962 0.061653 0.236963 -0.014520 0.064792 0.258353 -0.031524 0.062431 0.263166 -0.035100 0.073102 0.219690 -0.004144 0.082414 0.214501 0.014521 0.088473 0.213428 0.031133 0.091261 0.208901
-0.085871 0.059927 0.280032 -0.067013 0.034769 0.285711 -0.038329 0.015355 0.283479 -0.008313 0.010716 0.276548 0.006153 0.018718 0.265316 -0.030925 0.010284 0.229947 0.006201 0.021570 0.246963 -0.007931 0.030206 0.263697 -0.023597 0.030806 0.269971 -0.032492 0.031187 0.217109 0.005325 0.042621 0.244587 -0.013142 0.049706 0.267114 -0.027997 0.047235 0.266360 -0.034444 0.052659 0.214646 0.000818 0.061343 0.236332 -0.016013 0.064804 0.258108 -0.032867 0.062698 0.263079 -0.036031 0.073070 0.217638 -0.004882 0.081826 0.214157 0.013948 0.087238 0.215147 0.031011 0.089311 0.212616
-0.085310 0.060142 0.276870 -0.065194 0.035409 0.284052 -0.035839 0.016773 0.282916 -0.004107 0.010462 0.279560 0.018021 0.007582 0.270025 -0.031118 0.012516 0.224881 0.005159 0.017224 0.233773 0.017172 0.022887 0.250203 0.019979 0.026953 0.261311 -0.033258 0.033446 0.216302 0.007801 0.044059 0.243505 -0.008349 0.047313 0.262266 -0.025631 0.044586 0.264607 -0.034873 0.054945 0.216462 0.001705 0.063117 0.240622 -0.014367 0.064318 0.259123 -0.031377 0.062036 0.264528 -0.035984 0.075229 0.220250 -0.004111 0.082797 0.216625 0.014945 0.087881 0.217357 0.031994 0.090333 0.214793
-0.085731 0.061530 0.278208 -0.063333 0.038809 0.286401 -0.036242 0.020038 0.284864 -0.009310 0.015895 0.281806 0.008586 0.017478 0.273524 -0.031212 0.013847 0.232126 0.003802 0.008924 0.223613 0.023938 0.006044 0.212299 0.041340 0.002981 0.203196 -0.034336 0.033882 0.221376 0.008853 0.043841 0.241618 -0.009428 0.049385 0.263434 -0.027419 0.044748 0.264181 -0.036215 0.054821 0.219579 0.001604 0.063803 0.238558 -0.016138 0.066105 0.258131 -0.033317 0.062486 0.262254 -0.036372 0.074875 0.220939 -0.003356 0.082072 0.215807 0.015124 0.087973 0.216027 0.031757 0.091126 0.212670
-0.086485 0.061530 0.279083 -0.063662 0.037555 0.286339 -0.036281 0.018266 0.283816 -0.009180 0.012946 0.280160 0.009808 0.014277 0.271864 -0.031247 0.012709 0.232126 0.002570 0.006315 0.220268 0.022193 0.002656 0.207482 0.039342 -0.000777 0.198448 -0.034485 0.032931 0.221206 0.008384 0.042831 0.241831 -0.009519 0.049193 0.264661 -0.027778 0.044669 0.264824 -0.036236 0.054128 0.219201 0.001225 0.063163 0.239556 -0.016451 0.065831 0.258670 -0.034051 0.062610 0.261587 -0.036397 0.074413 0.221340 -0.002924 0.081174 0.216270 0.015420 0.086199 0.215333 0.031982 0.088715 0.210671
-0.086711 0.061957 0.279951 -0.065025 0.038385 0.288092 -0.037161 0.018972 0.285979 -0.009835 0.013880 0.281205 0.008037 0.016475 0.271313 -0.031361 0.013162 0.233945 0.003080 0.006748 0.222954 0.023122 0.003421 0.211379 0.040692 -0.000053 0.202237 -0.034344 0.032453 0.222130 0.008755 0.042998 0.243642 -0.009525 0.049091 0.265112 -0.028074 0.044241 0.265584 -0.036454 0.053552 0.219327 0.001272 0.063121 0.240534 -0.016086 0.065433 0.259070 -0.033821 0.061811 0.261741 -0.037350 0.073861 0.221165 -0.003552 0.081555 0.216516 0.014775 0.086712 0.215645 0.031400 0.089542 0.211702
-0.086715 0.062251 0.280065 -0.065630 0.038851 0.287962 -0.037394 0.018870 0.285156 -0.009691 0.013969 0.280975 0.008362 0.017397 0.272515 -0.030393 0.013071 0.235314 0.004410 0.007130 0.226253 0.024632 0.004977 0.216024 0.042406 0.002424 0.207188 -0.033207 0.032481 0.222981 0.009271 0.043260 0.244425 -0.009062 0.049292 0.265374 -0.027325 0.044669 0.266806 -0.035599 0.053872 0.220151 0.001647 0.063439 0.240957 -0.015583 0.065949 0.259683 -0.032751 0.062618 0.263600 -0.036973 0.074296 0.222134 -0.003178 0.081766 0.218159 0.015265 0.087010 0.217485 0.032096 0.089916 0.214117
-0.088639 0.062359 0.279749 -0.063903 0.035429 0.286477 -0.034675 0.019304 0.286217 -0.008745 0.016486 0.283462 0.012605 0.018715 0.274460 -0.030727 0.012222 0.235902 0.005032 0.003635 0.225748 0.026226 0.000589 0.217744 0.043422 -0.001314 0.211861 -0.034435 0.032887 0.228398 0.007451 0.035181 0.220712 0.031139 0.042906 0.237756 0.047701 0.047441 0.250852 -0.038556 0.054679 0.227319 -0.002413 0.056512 0.220830 -0.012327 0.062114 0.236611 -0.025215 0.066381 0.250415 -0.039223 0.075278 0.231611 -0.006430 0.077040 0.222287 0.011971 0.081597 0.224522 0.027281 0.084862 0.226130
-0.088334 0.063811 0.279198 -0.060852 0.036636 0.291784 -0.032671 0.017592 0.292231 -0.007152 0.010174 0.287358 0.016043 0.004813 0.275396 -0.029881 0.012073 0.239258 0.000901 -0.003805 0.223097 0.021116 -0.012640 0.211942 0.036305 -0.019149 0.201950 -0.034149 0.032397 0.228847 0.007380 0.032887 0.213580 0.034745 0.033824 0.206047 0.054552 0.034438 0.198602 -0.039168 0.053812 0.226279 -0.000628 0.060597 0.232812 -0.011771 0.064170 0.252697 -0.026998 0.065391 0.264890 -0.039046 0.073520 0.228045 -0.006247 0.077167 0.223214 0.012685 0.082664 0.223852 0.028262 0.086194 0.222459
-0.087646 0.064589 0.283806 -0.057952 0.037560 0.294719 -0.030533 0.020976 0.293752 -0.007453 0.013656 0.287819 0.015946 0.007477 0.275432 -0.027644 0.013672 0.240422 0.000986 -0.002593 0.223147 0.021032 -0.011962 0.212650 0.035719 -0.018755 0.203366 -0.031992 0.033916 0.230705 0.008505 0.034164 0.216965 0.035906 0.035748 0.209144 0.056814 0.036578 0.202274 -0.037397 0.055475 0.228568 0.000014 0.061288 0.235256 -0.012971 0.065277 0.254419 -0.028706 0.067180 0.266769 -0.037155 0.075413 0.231768 -0.006540 0.080387 0.226243 0.012434 0.085270 0.226509 0.028750 0.088261 0.225016
-0.090753 0.064551 0.279224 -0.063774 0.035915 0.291021 -0.036864 0.019310 0.292864 -0.014603 0.013381 0.289998 0.005819 0.008868 0.281726 -0.031208 0.013504 0.238914 -0.000516 -0.002001 0.221502 0.020119 -0.010165 0.211253 0.036099 -0.015764 0.202238 -0.034687 0.033975 0.228742 0.007198 0.034439 0.215551 0.035726 0.034950 0.208873 0.055893 0.035956 0.202083 -0.039841 0.055422 0.226500 -0.000600 0.061529 0.235101 -0.013010 0.064852 0.254130 -0.028686 0.066765 0.265593 -0.040325 0.075289 0.228960 -0.007474 0.080031 0.224823 0.011536 0.085009 0.224504 0.027931 0.088001 0.222746
-0.090570 0.065844 0.281443 -0.069125 0.034957 0.292962 -0.043947 0.009456 0.292197 -0.024589 -0.011186 0.289723 -0.014425 -0.034033 0.286166 -0.032122 0.014741 0.241760 0.000101 -0.001832 0.224165 0.020875 -0.010301 0.213485 0.036439 -0.016657 0.203618 -0.034943 0.035123 0.230472 0.008561 0.035472 0.216810 0.037234 0.036577 0.210116 0.057834 0.037870 0.203747 -0.039894 0.056227 0.227784 0.000396 0.063229 0.233175 -0.013154 0.066898 0.253466 -0.028269 0.068842 0.268066 -0.041591 0.075783 0.229972 -0.008023 0.082122 0.226590 0.009104 0.087375 0.229465 0.024300 0.090441 0.231046
-0.090269 0.065906 0.282919 -0.070372 0.034068 0.291571 -0.046464 0.008552 0.289394 -0.029772 -0.014272 0.287917 -0.022489 -0.037491 0.286361 -0.031812 0.016454 0.239172 0.000900 0.001590 0.222562 0.020384 -0.006620 0.211673 0.035881 -0.012468 0.201123 -0.032955 0.038036 0.229159 0.009411 0.038822 0.217667 0.037553 0.040900 0.211071 0.057359 0.043327 0.204027 -0.037593 0.059470 0.229266 0.001880 0.065737 0.234600 -0.013012 0.069936 0.255153 -0.028142 0.072635 0.270094 -0.040484 0.080030 0.234486 -0.009124 0.086363 0.228443 0.007789 0.090942 0.229795 0.023937 0.093172 0.231063
-0.090604 0.066831 0.284999 -0.069097 0.034079 0.291219 -0.045891 0.008399 0.288672 -0.029895 -0.014587 0.287050 -0.021473 -0.037600 0.286256 -0.031596 0.016234 0.238626 0.001150 0.001576 0.221596 0.021340 -0.006392 0.210586 0.037262 -0.012167 0.200342 -0.033843 0.037860 0.228336 0.008760 0.038815 0.216161 0.037202 0.040999 0.210103 0.056548 0.043429 0.203462 -0.038957 0.059469 0.228753 0.000619 0.066467 0.233864 -0.013126 0.070615 0.253260 -0.028051 0.073320 0.266814 -0.041304 0.080154 0.234635 -0.009278 0.087253 0.229430 0.007802 0.092128 0.229417 0.023529 0.094766 0.229055
-0.090333 0.066189 0.284955 -0.068953 0.033488 0.291335 -0.045297 0.008702 0.289350 -0.028919 -0.013792 0.288119 -0.020780 -0.036375 0.287791 -0.031520 0.016284 0.238212 0.000779 0.001845 0.221404 0.021163 -0.006096 0.210592 0.037299 -0.011752 0.200690 -0.033585 0.037956 0.228200 0.008800 0.038999 0.216541 0.037482 0.040972 0.210911 0.057002 0.043234 0.204489 -0.038471 0.059639 0.228714 0.001043 0.065767 0.233633 -0.013018 0.070045 0.253337 -0.027930 0.073063 0.266795 -0.040803 0.080290 0.234629 -0.009291 0.087765 0.228437 0.007561 0.093045 0.225873 0.023478 0.095867 0.223200
-0.089044 0.065958 0.282585 -0.065947 0.035940 0.294480 -0.043802 0.010150 0.288916 -0.027959 -0.012687 0.286048 -0.019347 -0.036384 0.285480 -0.024977 0.020328 0.241555 0.006620 0.007431 0.224438 0.027623 0.000814 0.215405 0.043012 -0.003594 0.205147 -0.025072 0.041714 0.228365 0.008243 0.034251 0.204716 0.030758 0.031541 0.193569 0.046696 0.030254 0.180305 -0.027884 0.062858 0.224918 0.001581 0.062712 0.198392 0.018840 0.066908 0.209316 0.031791 0.071436 0.218483 -0.031765 0.084328 0.230483 -0.006878 0.092376 0.217093 0.009133 0.098875 0.209721 0.022915 0.103649 0.204212
-0.088756 0.065190 0.281629 -0.067436 0.032896 0.291130 -0.046432 0.006416 0.286987 -0.030632 -0.016753 0.286347 -0.020645 -0.041283 0.285610 -0.027316 0.019617 0.236683 0.002272 0.004178 0.217909 0.021243 -0.004788 0.205450 0.034965 -0.011366 0.193067 -0.026355 0.041203 0.224398 0.004859 0.033259 0.197588 0.025657 0.027879 0.181659 0.040028 0.023996 0.165548 -0.027467 0.062191 0.222620 0.002887 0.062990 0.195583 0.022673 0.061335 0.180725 0.036402 0.060667 0.166637 -0.029779 0.083221 0.229403 -0.005160 0.091167 0.211972 0.009262 0.097197 0.201844 0.021086 0.101669 0.192324
-0.085389 0.063226 0.282151 -0.064087 0.030277 0.291797 -0.044901 0.003564 0.287921 -0.030638 -0.018557 0.287120 -0.020617 -0.043032 0.286156 -0.026815 0.016429 0.236086 -0.001366 0.000074 0.215184 0.016192 -0.009881 0.201958 0.028683 -0.017522 0.189102 -0.025322 0.039065 0.223911 0.004376 0.030856 0.196338 0.024541 0.025644 0.179953 0.039423 0.021591 0.163984 -0.025657 0.060167 0.222327 0.002782 0.060915 0.194546 0.021338 0.059353 0.178641 0.034509 0.058558 0.163479 -0.026703 0.081452 0.229543 -0.004758 0.090189 0.211347 0.008465 0.097302 0.200300 0.019836 0.102486 0.189580
-0.090064 0.064036 0.281228 -0.069680 0.032033 0.290432 -0.047098 0.005881 0.286718 -0.030272 -0.016218 0.285778 -0.020911 -0.041112 0.284125 -0.028973 0.018984 0.235980 -0.000308 0.002961 0.216757 0.017328 -0.007463 0.203485 0.030127 -0.015301 0.190662 -0.027708 0.040720 0.223606 0.004468 0.033202 0.196828 0.025226 0.027951 0.181529 0.040042 0.024196 0.165751 -0.028199 0.061820 0.222083 0.002641 0.063116 0.195258 0.021291 0.061161 0.179409 0.034361 0.059970 0.164051 -0.030088 0.082812 0.229206 -0.005147 0.092280 0.212200 0.008699 0.099677 0.201391 0.020005 0.105176 0.191018
-0.087256 0.062857 0.285183 -0.072532 0.029462 0.287326 -0.051360 0.002411 0.280141 -0.035505 -0.021817 0.275779 -0.027036 -0.045143 0.273068 -0.030211 0.020129 0.232116 -0.002997 0.006369 0.211851 0.014225 -0.002791 0.198919 0.026925 -0.009689 0.186087 -0.026667 0.042924 0.222864 0.004831 0.037237 0.197380 0.025665 0.033561 0.182338 0.040697 0.030919 0.167070 -0.025951 0.064162 0.224871 0.004454 0.066291 0.198972 0.023567 0.066227 0.183327 0.037576 0.066101 0.168463 -0.027519 0.084665 0.235090 -0.002349 0.095022 0.219264 0.012544 0.103038 0.209330 0.024779 0.108756 0.199398
-0.088126 0.055598 0.284149 -0.078081 0.022623 0.272098 -0.064811 -0.002379 0.253005 -0.054468 -0.022352 0.239057 -0.047354 -0.039777 0.224499 -0.031614 0.028000 0.219262 -0.006195 0.023117 0.193485 0.010849 0.018315 0.178770 0.024420 0.014957 0.165696 -0.023644 0.051233 0.222126 0.008680 0.053484 0.196556 0.030605 0.052948 0.182458 0.047258 0.052981 0.168920 -0.019361 0.070149 0.234086 0.010957 0.076348 0.212533 0.033796 0.078285 0.199837 0.050904 0.080643 0.187280 -0.016637 0.084599 0.253033 0.009878 0.094901 0.244583 0.028130 0.101554 0.241271 0.044196 0.106220 0.236094
-0.082010 0.054609 0.288376 -0.075092 0.018948 0.275320 -0.065188 -0.004400 0.253547 -0.057288 -0.024052 0.236942 -0.049366 -0.040361 0.219935 -0.030565 0.027619 0.223000 -0.006323 0.021938 0.196649 0.011774 0.017074 0.181980 0.025498 0.013951 0.168843 -0.021053 0.048483 0.228110 0.010341 0.051591 0.202429 0.032313 0.050968 0.187738 0.050232 0.050363 0.174798 -0.014785 0.065812 0.241647 0.014169 0.073489 0.220023 0.037150 0.075499 0.206915 0.055178 0.077429 0.194900 -0.009982 0.079528 0.260358 0.015683 0.091176 0.252131 0.032949 0.097666 0.248136 0.048415 0.101959 0.242225
-0.088309 0.053149 0.286937 -0.071997 0.018540 0.283238 -0.054927 -0.007460 0.267577 -0.042597 -0.029242 0.255297 -0.035299 -0.048091 0.242645 -0.027992 0.020585 0.230467 0.000002 0.011355 0.207243 0.018349 0.004337 0.193266 0.032344 -0.000246 0.180544 -0.022643 0.044266 0.229312 0.012137 0.043815 0.205656 0.034367 0.041792 0.191153 0.051879 0.040765 0.178183 -0.020642 0.064760 0.237163 0.011605 0.070266 0.215266 0.034064 0.071067 0.200964 0.051229 0.072774 0.187894 -0.021476 0.082994 0.251583 0.005904 0.094010 0.241041 0.022466 0.101772 0.234609 0.036245 0.107970 0.226892
-0.089420 0.067340 0.289401 -0.065896 0.039407 0.307422 -0.039559 0.014829 0.306921 -0.019461 -0.008809 0.305373 -0.007790 -0.030989 0.305766 -0.021321 0.022870 0.258723 0.010472 0.006611 0.241265 0.030211 -0.002954 0.229901 0.044743 -0.009801 0.218801 -0.022021 0.041381 0.242177 0.012535 0.031614 0.216675 0.035314 0.026776 0.202379 0.051966 0.023986 0.188966 -0.024557 0.061520 0.235254 0.007211 0.058293 0.206800 0.028274 0.056466 0.192343 0.043690 0.055499 0.179112 -0.029555 0.082255 0.236258 -0.005366 0.088351 0.214240 0.008295 0.094179 0.201462 0.019551 0.099470 0.191057
-0.084126 0.081786 0.285472 -0.055816 0.065636 0.312941 -0.029788 0.048186 0.322781 -0.009706 0.034796 0.329122 0.005568 0.025516 0.338906 -0.012077 0.039894 0.282184 0.020789 0.020807 0.269071 0.042993 0.010667 0.259853 0.060209 0.002447 0.251230 -0.016245 0.049328 0.260473 0.018911 0.033482 0.238278 0.043009 0.026206 0.224402 0.061428 0.020484 0.212569 -0.022570 0.063395 0.244627 0.008028 0.052908 0.219212 0.029156 0.047113 0.203715 0.045016 0.042962 0.190555 -0.029658 0.079934 0.234235 -0.008239 0.080078 0.211165 0.005843 0.081588 0.196211 0.017495 0.083864 0.183319
-0.082248 0.086221 0.283769 -0.050075 0.074252 0.312716 -0.024581 0.061055 0.325248 -0.005445 0.050499 0.333224 0.011361 0.041406 0.340695 -0.008635 0.043726 0.284214 0.022632 0.028295 0.274787 0.045724 0.018948 0.266170 0.062310 0.012288 0.257361 -0.014177 0.052930 0.260866 0.020189 0.036553 0.241229 0.044272 0.029211 0.230367 0.062312 0.023762 0.219826 -0.021410 0.066039 0.242659 0.008970 0.053806 0.221681 0.030497 0.047111 0.208375 0.047502 0.042868 0.197034 -0.028348 0.081821 0.231129 -0.009067 0.079420 0.208399 0.004997 0.079064 0.194645 0.016651 0.080512 0.183051
-0.082559 0.085846 0.285112 -0.051468 0.071903 0.314759 -0.027485 0.055386 0.325799 -0.009099 0.041211 0.332730 0.005735 0.025463 0.337934 -0.009804 0.042139 0.284662 0.021983 0.026625 0.276278 0.044731 0.016652 0.266848 0.061095 0.009484 0.257474 -0.014679 0.051900 0.260284 0.019586 0.036106 0.242391 0.043840 0.028760 0.231828 0.062939 0.023441 0.221932 -0.021320 0.065125 0.240318 0.008660 0.053298 0.219824 0.029942 0.046631 0.207106 0.047248 0.042554 0.197227 -0.027302 0.081281 0.228765 -0.008166 0.079339 0.206547 0.005177 0.079326 0.192502 0.016524 0.080844 0.181859
-0.088200 0.077512 0.295519 -0.063499 0.047226 0.307518 -0.038414 0.021967 0.301294 -0.019584 0.000381 0.295916 -0.009717 -0.022635 0.293138 -0.018321 0.031692 0.256649 0.013080 0.016608 0.240482 0.033479 0.007173 0.229340 0.047592 0.000271 0.217388 -0.017610 0.052195 0.244134 0.017498 0.044268 0.219558 0.040264 0.039475 0.206269 0.055963 0.036706 0.192966 -0.020932 0.072995 0.240086 0.011640 0.071110 0.214262 0.032048 0.068512 0.199389 0.048064 0.066938 0.186557 -0.025328 0.094408 0.243272 -0.000795 0.102698 0.223040 0.013518 0.109579 0.212265 0.026234 0.114567 0.204437
-0.089804 0.070617 0.281008 -0.074747 0.036389 0.278430 -0.055787 0.011576 0.264228 -0.041159 -0.009731 0.251606 -0.032363 -0.028418 0.238155 -0.028911 0.035651 0.226331 0.000039 0.026220 0.206555 0.018737 0.018582 0.194014 0.033460 0.013067 0.182114 -0.022478 0.059363 0.224353 0.012381 0.057125 0.201830 0.035506 0.054701 0.189280 0.054520 0.053385 0.178156 -0.020530 0.079787 0.232521 0.012152 0.083789 0.212156 0.034965 0.083935 0.198931 0.051646 0.084590 0.187725 -0.021466 0.097517 0.248092 0.005826 0.108423 0.237233 0.022718 0.115973 0.231448 0.037049 0.121132 0.225917
-0.087384 0.070227 0.279687 -0.078345 0.035260 0.267080 -0.064511 0.013897 0.245841 -0.054717 -0.004464 0.229167 -0.046343 -0.019470 0.213799 -0.031480 0.042774 0.216260 -0.005677 0.035649 0.193382 0.012571 0.030008 0.180333 0.026924 0.026001 0.168686 -0.022524 0.063860 0.221672 0.009627 0.064609 0.198458 0.031626 0.062272 0.185596 0.050106 0.059668 0.174863 -0.016926 0.081401 0.234965 0.013276 0.086526 0.215456 0.035755 0.086857 0.203130 0.053511 0.087049 0.192518 -0.013040 0.095744 0.252913 0.014482 0.105058 0.244994 0.033213 0.109790 0.241953 0.049965 0.112536 0.237616
-0.092391 0.068331 0.278221 -0.077609 0.036652 0.273448 -0.057572 0.011435 0.256752 -0.043618 -0.008969 0.243057 -0.037472 -0.026427 0.229929 -0.031103 0.036470 0.221293 -0.003004 0.027390 0.201177 0.016247 0.020725 0.188434 0.031258 0.016129 0.176829 -0.025488 0.059755 0.221080 0.009618 0.058363 0.199648 0.033029 0.055411 0.187450 0.052215 0.053476 0.176907 -0.023081 0.079737 0.230486 0.010235 0.083521 0.210405 0.034180 0.083275 0.198669 0.053107 0.083638 0.189069 -0.022587 0.097128 0.246846 0.005930 0.106153 0.238366 0.023854 0.112414 0.234102 0.039578 0.117388 0.229006
-0.092617 0.069458 0.280164 -0.073937 0.038671 0.290017 -0.049019 0.013134 0.283400 -0.029082 -0.008711 0.275858 -0.019563 -0.030248 0.269425 -0.027763 0.027897 0.241372 0.005880 0.013893 0.225498 0.026565 0.006003 0.214258 0.042171 0.001082 0.202682 -0.024636 0.049731 0.231305 0.013153 0.043866 0.210920 0.037436 0.041222 0.199722 0.056509 0.040335 0.188958 -0.024913 0.070925 0.230118 0.010039 0.069993 0.206736 0.032740 0.069455 0.194026 0.050761 0.069819 0.183884 -0.027913 0.091549 0.236220 -0.000642 0.100171 0.221472 0.015778 0.106874 0.213069 0.030449 0.112094 0.206271
-0.091348 0.072999 0.276411 -0.065587 0.052025 0.303655 -0.037853 0.034017 0.311159 -0.014455 0.017703 0.312352 -0.000131 0.000781 0.312811 -0.016902 0.033671 0.269203 0.018865 0.018290 0.255585 0.042169 0.010392 0.246884 0.059726 0.004927 0.238126 -0.019041 0.047667 0.250272 0.020399 0.037029 0.229646 0.045780 0.033033 0.217963 0.065566 0.030648 0.207442 -0.023508 0.064470 0.237436 0.011982 0.059186 0.215062 0.034770 0.057377 0.201363 0.053260 0.056627 0.191506 -0.031050 0.082982 0.230290 -0.005236 0.087738 0.211149 0.009214 0.092787 0.198140 0.022354 0.097612 0.188845
-0.083811 0.076881 0.282428 -0.054758 0.062727 0.309398 -0.028459 0.049749 0.320466 -0.007734 0.041404 0.328617 0.008851 0.036064 0.338640 -0.008419 0.036726 0.281960 0.025631 0.023210 0.272054 0.049978 0.017009 0.264638 0.068016 0.013497 0.257366 -0.012680 0.047313 0.262268 0.024336 0.034997 0.243432 0.051081 0.031393 0.232354 0.070811 0.029884 0.223324 -0.019218 0.061281 0.246000 0.014383 0.052319 0.225083 0.037436 0.049038 0.212359 0.055743 0.047844 0.203406 -0.026409 0.077527 0.234715 -0.005284 0.077294 0.213151 0.009430 0.078798 0.198979 0.021881 0.081597 0.188342
-0.087067 0.076173 0.276789 -0.055728 0.064626 0.308325 -0.029563 0.051823 0.320561 -0.008966 0.042760 0.329030 0.007315 0.036071 0.335695 -0.009247 0.036450 0.280389 0.025098 0.025180 0.273361 0.050002 0.019744 0.266120 0.067702 0.016774 0.258091 -0.013612 0.046730 0.257998 0.023905 0.036489 0.241143 0.049705 0.033937 0.230983 0.068176 0.033202 0.221516 -0.020383 0.060234 0.239446 0.013647 0.052889 0.221949 0.036987 0.050522 0.211643 0.055157 0.050716 0.204352 -0.027512 0.076926 0.227787 -0.005564 0.078124 0.208047 0.008912 0.080594 0.196637 0.020507 0.084523 0.187895
-0.086759 0.078183 0.278219 -0.055719 0.066644 0.308082 -0.029538 0.053726 0.320607 -0.008758 0.044857 0.328976 0.007398 0.038150 0.335977 -0.009424 0.038528 0.280842 0.025107 0.027073 0.274389 0.049569 0.021543 0.267084 0.067363 0.017955 0.258407 -0.014028 0.048377 0.258062 0.023527 0.038074 0.241717 0.049643 0.035142 0.231257 0.068996 0.033897 0.221693 -0.020887 0.061745 0.239372 0.012853 0.054724 0.222041 0.035975 0.052264 0.211032 0.054244 0.052072 0.202541 -0.027906 0.078366 0.227658 -0.006305 0.079718 0.207467 0.007845 0.082358 0.195718 0.019436 0.086441 0.186521
-0.086320 0.078329 0.275869 -0.055320 0.066525 0.308147 -0.029314 0.053212 0.321562 -0.008745 0.044300 0.330403 0.007234 0.036569 0.337029 -0.009085 0.037721 0.280076 0.025119 0.025923 0.274163 0.049502 0.020563 0.267577 0.067387 0.017265 0.259511 -0.013602 0.048038 0.257592 0.023724 0.037880 0.241393 0.049919 0.035394 0.230824 0.069037 0.034460 0.220899 -0.020415 0.061934 0.239263 0.012887 0.055226 0.222841 0.035605 0.052812 0.211731 0.053578 0.052605 0.203075 -0.027339 0.078879 0.228070 -0.006524 0.080304 0.209077 0.007509 0.082827 0.197647 0.019146 0.086869 0.188369
-0.085295 0.079124 0.276760 -0.052757 0.068082 0.309478 -0.027939 0.055277 0.322495 -0.008229 0.045148 0.331354 0.008461 0.036040 0.337843 -0.007486 0.038318 0.282218 0.025968 0.026660 0.276210 0.050212 0.020697 0.269566 0.067843 0.017376 0.261637 -0.011839 0.048933 0.259667 0.024547 0.038221 0.242747 0.050461 0.035443 0.232632 0.069853 0.034264 0.222913 -0.018708 0.062545 0.240992 0.013638 0.055337 0.223546 0.036478 0.052708 0.212681 0.054951 0.052547 0.204530 -0.025581 0.079251 0.229467 -0.005385 0.080178 0.209142 0.008897 0.082600 0.197338 0.020946 0.086472 0.188040
-0.083144 0.079044 0.278030 -0.051091 0.067329 0.311292 -0.027443 0.053846 0.323619 -0.008382 0.042953 0.331723 0.008086 0.033451 0.338369 -0.006378 0.037109 0.282789 0.026959 0.024749 0.276128 0.051303 0.018674 0.269742 0.068843 0.015600 0.262452 -0.010706 0.047920 0.259979 0.025681 0.036778 0.243882 0.052017 0.033730 0.234888 0.071518 0.032586 0.226050 -0.017427 0.061809 0.241535 0.015250 0.054064 0.225033 0.038627 0.050601 0.214351 0.057292 0.049959 0.206241 -0.023596 0.078729 0.230267 -0.003522 0.079503 0.210513 0.011114 0.081373 0.198659 0.023269 0.084842 0.189677
-0.086033 0.078682 0.277786 -0.054461 0.066853 0.309952 -0.030311 0.052028 0.320455 -0.010796 0.040150 0.327588 0.005412 0.028478 0.332097 -0.009213 0.037747 0.279479 0.024263 0.025113 0.272988 0.048381 0.018233 0.266137 0.065536 0.014372 0.258326 -0.013192 0.048677 0.257011 0.022922 0.037450 0.240967 0.048455 0.034082 0.231146 0.067096 0.032876 0.220890 -0.019742 0.062463 0.238760 0.012603 0.054428 0.221812 0.035482 0.050853 0.210511 0.053728 0.050211 0.202155 -0.026052 0.079194 0.227822 -0.004823 0.079454 0.207213 0.009609 0.081120 0.194798 0.021608 0.084508 0.185978
-0.087004 0.081841 0.273269 -0.057651 0.068068 0.303166 -0.033604 0.052730 0.315082 -0.014482 0.040066 0.322834 0.001372 0.024467 0.329252 -0.011256 0.039892 0.278311 0.021543 0.026524 0.271994 0.045242 0.019126 0.264506 0.062326 0.014733 0.256175 -0.014900 0.050778 0.255623 0.020217 0.038289 0.241234 0.045075 0.034940 0.232475 0.063733 0.033989 0.223387 -0.021294 0.064365 0.236786 0.010280 0.054958 0.219658 0.032625 0.051262 0.208911 0.050521 0.050347 0.199907 -0.027725 0.080691 0.224961 -0.007650 0.080045 0.205525 0.006009 0.081483 0.193027 0.017522 0.084400 0.183021
-0.088128 0.081241 0.274880 -0.057330 0.068719 0.306930 -0.033518 0.053401 0.317246 -0.015180 0.040225 0.323718 0.000982 0.024629 0.329049 -0.012461 0.039369 0.277620 0.020105 0.025623 0.270124 0.043927 0.018273 0.262517 0.061140 0.014301 0.254180 -0.016392 0.050543 0.255395 0.018949 0.038171 0.238031 0.044075 0.034628 0.228549 0.063163 0.033462 0.218995 -0.022766 0.064378 0.237310 0.008740 0.055436 0.218965 0.031291 0.051682 0.207882 0.049508 0.050931 0.199452 -0.028712 0.080936 0.226068 -0.008574 0.080262 0.204991 0.005097 0.081481 0.192002 0.016612 0.084393 0.182639
-0.088622 0.079774 0.278811 -0.058939 0.066963 0.308926 -0.034333 0.051808 0.319236 -0.014673 0.038639 0.325033 0.001054 0.025275 0.330997 -0.012929 0.037196 0.278028 0.020216 0.022883 0.270874 0.044369 0.016385 0.264072 0.061871 0.012836 0.256187 -0.016510 0.047805 0.256261 0.019907 0.034999 0.240783 0.046136 0.031639 0.231874 0.065621 0.030671 0.223163 -0.022592 0.061656 0.238613 0.010476 0.052020 0.220799 0.033253 0.048045 0.210298 0.051585 0.046759 0.201844 -0.028548 0.078333 0.227623 -0.007773 0.077790 0.207525 0.006055 0.078826 0.194738 0.017663 0.081402 0.184477
-0.088968 0.077793 0.280293 -0.059478 0.064522 0.309403 -0.034649 0.049781 0.319557 -0.014318 0.038107 0.325746 0.002160 0.028260 0.332522 -0.013455 0.035157 0.278135 0.020167 0.021420 0.271233 0.044259 0.014391 0.264176 0.061722 0.010167 0.256345 -0.016863 0.045466 0.256321 0.020066 0.033012 0.240639 0.046220 0.029585 0.232005 0.065796 0.028373 0.223497 -0.022791 0.059200 0.238805 0.010169 0.049738 0.220748 0.032900 0.045963 0.209753 0.051127 0.044999 0.201323 -0.028780 0.075826 0.228088 -0.007999 0.075667 0.207399 0.006065 0.076860 0.194186 0.017860 0.079632 0.184094
