380.414276 255.015306 379.887161 227.311177 364.427948 204.993939 347.779045 181.383519 333.107147 155.970783 302.128429 234.343643 267.938194 230.224442 243.903294 232.022080 220.733280 237.239256 293.887348 263.799620 253.358841 272.740259 227.756214 284.524698 202.838707 299.930477 298.075829 288.845673 257.805691 303.133221 235.258884 319.847918 214.477978 337.260475 312.192249 308.816900 284.613743 333.128700 272.209301 352.126780 261.277466 370.305691
375.992393 255.437164 378.037949 224.677677 362.865028 203.627872 348.212662 181.962833 330.441971 155.279531 302.903156 235.944571 267.768326 232.484164 242.647247 234.174356 219.143944 238.821015 294.393749 264.059601 251.268711 273.153934 227.940063 285.617352 204.472733 302.202759 297.049179 288.892937 255.570908 303.839207 232.088146 322.146006 211.964493 340.511427 309.308681 309.433422 282.628059 332.905226 269.843102 352.074451 259.487000 370.126791
378.808594 257.701035 379.001846 227.870064 364.454269 207.035007 348.339615 185.023928 333.182793 158.547678 303.984146 239.548016 270.109310 236.616154 244.994678 238.341794 221.451073 242.481136 295.268555 268.031960 253.087826 277.535477 229.186134 289.772701 205.801964 305.231781 299.089489 292.576246 258.326187 307.196875 234.705772 324.587345 213.858566 342.000389 312.800293 312.175455 285.877476 336.434641 272.663002 355.793638 261.044197 373.835535
373.525124 256.698074 377.380753 224.633532 363.027534 202.587848 349.977837 180.623589 332.327461 155.161486 304.144402 235.818501 268.163605 231.574302 243.032055 233.388205 220.161400 238.605409 295.590267 264.380836 252.435341 273.719358 228.044090 286.176567 203.133030 302.956381 297.907124 289.485655 256.787491 304.606590 232.675476 322.520027 212.232800 340.519466 309.248486 310.211363 283.164330 333.803501 269.899712 353.270130 258.984604 371.229658
374.419022 256.024046 375.787964 225.998297 360.616875 203.901544 345.256081 181.280107 327.967300 153.950830 300.141716 235.853748 265.389042 231.358438 240.655251 232.758708 216.772919 237.362866 290.822201 263.657370 247.863598 271.134281 223.708878 283.327875 198.873787 299.656105 293.629684 288.400497 252.261066 302.783117 228.706627 320.377378 207.447605 338.163414 306.440010 309.134817 280.070820 332.063169 266.769371 350.998363 255.024776 368.654709
376.048889 258.964205 379.106636 229.437504 365.200806 208.229499 349.062462 185.924520 332.751694 159.529638 304.288464 237.402606 270.710049 235.374255 246.625061 237.757473 223.299446 241.958427 294.182930 265.627670 253.358116 275.753088 227.974110 288.277903 203.875122 302.980099 295.919285 290.081892 256.508484 305.594244 236.118107 323.992281 221.568794 341.300869 306.886482 309.691000 289.194679 328.355284 296.442966 341.288052 307.795086 353.473349
374.516144 258.448362 380.743790 227.093825 366.951408 204.594727 352.156105 180.890608 334.548264 153.725853 303.520622 233.547649 268.190117 231.807232 245.545387 236.172452 224.887142 241.520691 293.984127 260.860004 252.253990 270.780487 228.010139 285.074072 205.816135 300.497103 295.623417 284.404736 257.178726 301.644402 237.364655 319.454355 221.349201 332.661667 306.132030 306.088743 296.850166 324.763813 319.928265 328.403435 342.830162 324.763556
379.434509 259.842052 384.075775 231.406260 370.552025 211.102695 354.280510 188.924160 334.711075 162.612662 306.458054 238.805723 271.993084 237.121267 248.652153 243.078976 228.247833 249.651690 296.127415 265.833521 255.064182 278.167076 230.244637 294.181080 209.055920 308.972569 299.006233 288.176136 260.364456 307.095795 239.952011 326.987829 223.754578 339.769020 312.347660 308.032522 304.423523 327.618055 327.845917 329.385223 351.390686 321.878300
377.217674 259.808807 382.371368 230.308743 368.635712 209.343252 352.893829 186.330643 333.994789 159.460974 304.750500 236.868467 270.153122 235.978832 247.947407 241.254129 226.824760 247.230120 294.759426 263.169336 253.819122 274.304152 230.354767 288.523121 208.452454 302.796650 297.539825 285.841570 258.799343 305.270147 238.179455 324.516907 220.347557 337.966404 310.344086 306.946335 303.536758 326.481171 326.501732 327.663860 348.477249 320.711975
376.891632 258.944664 381.397133 230.261679 367.226715 209.760447 349.962540 187.095480 329.896088 160.183210 301.957226 237.381892 269.360390 235.181193 246.337166 240.460339 224.583092 246.329870 291.743774 263.273478 251.703606 274.296169 227.961025 288.179998 205.712032 301.944895 295.040302 285.372877 257.671738 304.230022 237.393341 322.792683 219.225044 335.623312 308.543930 305.820150 303.317699 324.628687 326.696358 325.806541 349.027824 318.853655
373.385048 259.374533 376.154442 229.682479 362.183380 209.450684 347.043915 188.872075 327.537766 162.647467 299.399872 236.875234 265.806675 234.630890 243.095417 238.151407 222.426491 242.586250 291.129551 263.913317 248.670807 271.240540 221.480961 284.010744 201.552887 298.372822 295.947990 286.452084 264.428558 306.233025 264.880466 324.323101 270.950127 337.344246 310.293312 306.704235 308.438282 324.880829 332.160645 324.215755 355.670013 316.422358
374.460068 259.663324 379.250717 230.961227 364.061966 209.716616 347.752953 188.765259 330.952721 164.583850 303.324947 234.279270 267.615528 233.973856 245.885887 237.147045 223.870277 242.522192 292.907104 262.802782 251.217136 272.888546 225.002823 286.077290 200.083237 300.577011 297.219276 286.992359 267.801704 311.798687 293.335781 317.954378 317.462940 318.925037 310.748043 305.592785 305.713539 325.090199 326.894531 323.477612 344.950218 316.793346
375.617943 260.763988 378.940430 231.662493 363.391876 212.086759 348.544922 190.782022 330.051193 166.577196 301.081600 236.571221 265.399036 236.100984 243.240910 240.937843 222.910843 248.539295 293.832359 265.311956 251.977634 275.461407 226.580048 290.683994 204.051914 307.354603 300.073948 289.934092 275.118160 315.350847 304.301624 316.877832 329.271889 312.660799 314.053898 309.485035 307.551003 329.743538 330.320168 324.617414 349.584541 314.487934
379.960747 257.787838 381.737518 229.653039 365.691872 208.277121 349.808273 185.363359 334.454193 160.450902 305.540733 233.367877 270.434113 233.782339 249.410133 236.519680 228.051872 242.240753 297.310066 262.839203 253.795586 273.113022 230.043182 287.221613 206.706848 303.531532 303.732109 288.051453 277.564125 313.377399 310.747356 313.360291 338.067627 308.296537 319.034901 306.820593 310.520706 327.874088 333.615723 323.388977 353.528786 312.998686
381.663094 258.787422 383.288879 230.941787 368.630562 210.279007 352.755928 186.894836 335.847511 162.499523 307.514496 233.756690 273.843746 233.902345 252.521248 236.637497 230.776024 242.300806 298.868465 263.452406 256.335945 272.059050 232.566280 285.972605 210.077572 302.363148 305.667191 288.783188 280.200214 314.150505 313.173237 313.428869 340.530777 307.703676 321.554604 307.599678 314.586601 328.290367 337.681580 322.848816 357.273140 311.801834
381.774597 255.697145 383.038673 228.138957 368.777008 207.430773 353.322830 185.407104 337.886353 158.731098 306.075020 231.990638 272.323933 231.822453 249.000015 234.565644 232.332039 241.389112 298.331394 260.941887 258.810997 267.104130 242.388725 281.604710 236.187172 298.866606 304.445915 286.893167 280.580826 310.639000 313.844643 310.081387 343.960266 304.735050 318.948383 306.027088 311.923771 327.211018 335.597839 321.342916 357.488213 310.268269
384.213219 255.276060 382.840004 226.130862 369.376373 205.349050 355.720139 186.389265 338.283386 161.978846 305.057793 234.893174 273.605785 230.216017 252.130451 236.483502 232.770901 241.466961 303.651943 261.963558 261.420937 278.122616 280.061169 296.209145 306.042633 303.531590 313.066883 284.798727 295.518627 306.141472 321.705780 311.367359 348.699532 304.601498 328.068771 301.583576 317.528324 322.689400 336.090240 319.953117 356.938057 306.925278
387.642593 258.241224 385.691376 228.742762 368.953705 206.202235 353.154907 186.102762 338.938828 161.570220 306.275654 233.061419 272.323818 230.020838 252.632465 239.026394 237.529087 246.654139 304.348793 262.138910 267.530022 281.874533 301.466656 292.933359 332.008591 291.663094 312.417088 285.983734 286.539688 308.687296 321.898117 311.757545 350.341682 303.419781 325.965881 303.061752 312.051487 324.336176 335.909882 322.841291 356.399460 311.588459
389.706268 256.094513 386.596107 227.729430 370.337448 207.012033 355.173454 186.290188 339.793282 162.211905 307.041168 232.407732 272.250938 230.488157 251.666603 239.537530 236.912498 246.903162 305.262737 261.609592 269.720879 283.506517 306.392918 293.855181 336.941910 290.636845 313.856659 285.455189 286.220036 309.822922 322.898827 312.699795 351.876869 303.464413 328.508835 302.045603 312.737675 324.472189 336.798019 322.866554 357.794685 311.637640
388.897362 258.751917 386.354980 229.889803 370.406685 208.815451 354.932709 187.536979 340.427322 163.743839 308.698196 233.639660 273.588867 231.324234 253.349457 240.402374 237.433872 248.011723 306.497822 262.573700 272.207413 284.307175 309.739952 294.541111 339.089203 290.836401 313.954601 286.413889 287.798786 310.411119 324.645042 313.437939 352.269974 304.085226 327.374535 302.908688 312.487698 325.864420 336.988792 324.804583 357.670250 313.149462
385.879250 258.667603 386.161766 230.719857 372.224083 209.000244 357.431030 186.141958 342.709274 161.927233 311.462879 233.062892 282.069092 232.815957 267.831287 243.757782 260.258369 253.993006 307.686234 262.101259 277.825108 284.175453 314.458733 292.085552 343.706131 287.860394 313.571739 285.426178 288.522453 311.345444 326.250572 313.591404 354.083252 303.749828 326.281815 302.626991 312.354870 325.140495 337.457008 324.494476 358.396416 312.951708
390.490456 258.447819 386.209717 229.323292 370.156021 206.153097 354.904518 183.182201 341.499557 159.600821 310.480137 230.602798 286.665230 240.298233 304.970570 258.532562 325.589104 271.505384 307.724552 258.694868 280.416088 280.425797 315.096207 290.110931 341.519814 288.315725 312.795181 282.200718 288.283443 307.400236 324.761772 308.398275 350.957336 299.692698 324.275246 300.201616 313.265553 321.826916 337.358971 318.966980 354.919167 307.423639
392.212639 257.023401 387.759514 228.262682 369.010239 202.665281 351.998062 181.813917 337.337761 158.600492 311.476021 229.800596 298.657761 247.274036 332.807236 260.924692 356.117554 266.653490 307.656593 259.908056 282.696114 276.624584 324.720879 283.777599 352.294922 281.078939 311.329136 283.637896 287.186222 303.902378 329.424248 303.760242 356.604805 294.708080 320.944214 301.441813 310.280056 319.045601 340.006104 314.973450 358.751144 303.037577
395.282631 257.729301 391.305389 229.943104 370.794067 203.107824 351.759453 180.917873 337.060051 157.011080 312.691765 229.552846 305.209789 248.876381 341.145134 261.978436 364.064293 266.350307 306.487675 259.846802 286.324921 278.691874 329.558487 285.472326 355.016823 281.607313 309.137516 283.810358 288.728409 305.062294 331.980095 304.712677 356.314926 294.562826 318.643417 302.205849 312.316761 321.374245 343.842049 316.167068 360.972633 302.609854
395.645828 257.687817 391.675453 229.615703 371.673508 202.697039 352.849731 179.786282 338.809814 154.238634 311.479187 229.336624 304.758682 248.499327 340.405121 260.526037 361.659737 263.603897 305.577259 259.726810 287.272797 278.797503 330.637360 284.771833 354.689636 279.974041 308.927650 283.700581 290.461121 305.346766 333.615112 304.677000 356.672783 294.102345 318.999119 301.492453 313.406391 320.787420 344.937477 315.877390 361.378555 302.327557
396.954575 257.854986 392.449265 228.766851 372.000008 201.777635 352.398262 179.387455 337.784653 153.905296 311.722889 228.242955 302.543850 249.160852 338.582458 260.512819 359.364929 262.280073 306.316891 258.294840 287.284164 278.301544 331.377945 283.422089 354.669380 277.182598 309.757500 282.246065 290.632629 304.809179 334.079552 304.128227 356.418915 292.775860 319.558220 300.269279 313.041363 320.486784 344.816246 315.464945 361.433525 301.142349
394.612465 256.691837 393.900452 229.467716 378.743019 204.027257 364.755745 188.970251 349.649429 179.011803 312.743835 228.465328 304.473972 249.849815 341.049652 259.501562 359.116516 257.519045 307.860813 259.112892 288.737106 279.423666 333.179092 284.438925 353.637161 275.633612 311.716328 283.350163 292.074928 307.076740 335.648994 306.593513 355.968399 292.851877 322.057076 300.564165 316.090508 321.923275 347.019539 317.835159 362.433319 302.468748
394.794235 246.793156 394.401093 223.760033 378.421135 202.581897 368.812714 205.446510 362.833214 226.661940 314.860973 225.955811 300.591278 241.153908 337.210197 250.318537 356.035919 247.907467 312.432404 255.789871 284.239998 273.207693 328.470688 280.122957 348.736801 271.349630 316.227169 279.586658 292.328281 302.721634 333.770714 304.330730 353.753128 289.988737 326.296043 296.524630 317.678852 317.389240 346.081734 315.403519 360.891609 300.100651
389.934845 243.949585 392.151222 224.217267 381.014977 213.763804 373.898392 221.974125 363.071594 240.313740 312.301559 225.585666 300.444431 241.220026 333.297997 251.055508 348.117447 250.024567 307.594280 253.302441 287.014084 274.430866 330.964241 281.210804 346.871986 272.135496 311.069221 276.943445 295.756168 302.830811 337.081566 303.606920 353.814812 288.078146 321.932983 293.938322 321.647339 316.544552 349.951591 312.636023 362.527390 295.610905
393.001175 243.787622 393.600807 222.509751 381.771622 211.210213 374.406204 220.516348 365.602036 239.582362 313.291626 223.378315 305.196934 237.908263 338.451691 248.166132 351.379929 246.961098 308.349762 251.414795 287.956753 270.205507 332.505798 279.548836 347.062492 270.568972 312.367764 275.886984 296.116047 299.720821 338.508263 302.929001 353.992500 287.307472 324.025421 293.441277 325.007591 316.099262 353.622856 313.030329 364.397621 294.703159
393.027000 246.785545 395.888062 224.839611 384.346695 212.427449 376.015701 221.421232 366.474075 241.271467 315.235653 223.407784 305.999374 240.921621 338.089638 251.697035 350.831413 250.517807 308.960552 251.509409 290.827980 273.359613 335.807343 282.302113 349.730530 272.884111 311.593647 276.076870 299.223480 303.058691 341.693687 305.461206 355.985832 289.120560 321.417160 294.037657 323.862457 317.201042 352.801056 313.456621 363.595657 295.245037
393.811188 261.444340 400.020447 236.052475 388.350601 216.932158 375.779686 204.212465 358.109322 190.955687 316.036358 227.105412 304.172459 248.500614 339.756203 256.894369 356.476059 252.834091 309.035339 254.959288 291.042709 277.870646 334.966202 284.203720 351.451340 274.452324 311.794205 278.878098 300.049496 306.633825 341.294899 306.208849 355.950470 289.791756 321.357918 295.913000 322.497749 317.819338 351.763077 312.249870 363.378601 294.379692
397.699509 260.856400 400.782928 234.469957 382.036057 210.338488 365.180550 189.541283 352.651176 164.695387 313.181114 228.031769 303.473606 253.848581 340.644073 259.288960 351.517067 249.538708 308.393192 257.595091 295.380020 281.067667 340.294724 282.987328 353.180351 268.749475 313.212032 282.438784 299.755077 307.148266 343.469505 305.589981 356.941948 286.199226 323.563156 298.750105 323.173790 320.346336 354.367981 315.206766 366.762390 297.038584
398.574715 260.242996 398.047256 232.967806 378.542595 208.563967 360.838013 187.251048 348.799057 160.803809 311.383533 229.989882 304.613895 254.835262 342.381744 258.890162 352.420959 248.614368 308.612118 261.133919 296.043243 282.354870 340.033646 282.752495 352.046013 268.759604 314.605160 285.941248 299.439125 308.917694 342.020493 306.843853 354.966507 288.671751 325.460739 302.230740 322.067337 322.700787 352.950439 318.270264 365.726738 300.983391
395.312767 255.563679 394.443550 228.672051 376.637039 206.732454 359.544601 184.045672 345.454025 158.956947 310.443878 229.122505 296.867123 247.404013 328.917885 257.203503 347.482147 256.896458 308.872967 259.151001 293.292770 283.812046 334.042282 285.080624 351.623840 274.485025 314.678459 283.520794 298.862343 309.012794 338.878479 305.726681 356.080284 290.692263 325.394135 299.958115 321.360359 321.380024 349.953995 315.630970 363.588028 299.734983
392.646446 255.964880 391.364288 228.341618 377.152786 206.112700 360.971565 182.707815 346.840286 158.538122 314.269066 231.367464 281.567478 233.140697 293.045654 248.622694 310.245495 260.306253 314.608650 259.762917 291.912422 284.622030 328.566856 287.871809 347.735863 277.877254 321.422806 282.994652 301.820545 310.859241 337.848091 308.237972 356.174660 293.824968 332.816391 299.731092 324.202652 321.927910 348.578415 318.491020 362.780991 304.461021
392.180939 256.602659 391.481400 228.799095 376.504517 207.217884 360.973206 184.044986 347.615814 158.881001 316.457424 232.651148 287.689018 234.075894 272.358475 244.586048 259.485626 253.995867 313.938313 261.908884 291.274986 286.866875 328.147850 290.035172 350.170517 280.252190 320.647087 285.421829 302.159271 312.863045 338.908195 310.991592 359.025841 296.723642 333.495216 302.216778 324.368858 324.276152 350.275345 320.788336 366.278381 306.364460
392.000237 254.743681 390.812531 227.443914 375.495911 205.894504 359.216347 183.870363 345.928497 159.133272 316.492081 232.181225 285.575504 230.978851 268.146057 240.397339 252.612953 249.684105 314.133320 261.195202 288.965836 285.880022 325.513916 288.973303 346.933632 279.585629 320.998192 284.547758 301.956291 312.354841 338.935585 309.973898 359.222412 295.745602 333.692322 300.716429 324.833260 323.217659 350.567627 319.897985 366.163902 305.974903
391.844826 255.569630 390.210609 228.451438 374.995079 206.282415 358.674393 184.148054 345.212173 159.466281 315.791855 231.545177 284.613209 229.154048 266.182175 238.830671 249.785023 247.709513 312.163963 258.837347 278.079872 280.704546 313.045940 290.509129 341.387062 287.943678 319.139462 281.360836 297.475471 308.636370 334.051437 309.414682 359.920349 298.466377 332.758141 298.307848 322.139587 322.240849 346.189957 320.118227 364.725685 306.989594
391.813698 251.566486 390.060120 224.228625 376.125107 205.022693 360.962791 184.417706 345.844879 159.241991 315.720406 234.185829 287.249413 229.212327 266.844521 235.209746 249.492302 240.102568 310.892544 260.409164 264.309654 268.937960 271.089268 285.597095 290.845413 294.774055 319.389248 281.880770 300.389748 306.871548 329.898911 309.220648 357.016907 299.154253 336.645737 297.169132 326.626930 321.494293 346.450119 317.438965 367.461891 302.327299
389.329987 254.073229 390.692825 226.946640 376.819000 206.369734 361.393814 184.950199 347.320824 159.927192 318.945427 229.069991 287.643356 231.029849 264.517937 233.649645 245.827103 239.885101 311.469421 257.333050 272.633114 263.778849 259.965458 280.155945 256.080799 298.581076 316.877937 282.405882 296.427746 309.345961 330.355453 306.098099 358.490829 297.325802 331.210480 300.511236 326.981888 322.888727 349.191399 315.966825 367.482605 302.277260
393.521309 250.405855 392.417183 225.498261 377.855682 206.836367 360.786705 184.702978 345.934448 159.293461 319.522934 230.512762 285.365238 230.824885 260.493736 230.636816 238.243752 234.081159 311.422119 258.194790 274.655952 268.211517 257.537746 284.201088 247.886543 301.019354 317.924862 282.264633 296.650791 309.484520 330.112076 307.041435 357.876091 298.665304 332.807541 299.141321 326.525345 322.180052 348.418198 315.410099 367.914581 302.506313
391.188736 251.153040 392.265701 225.557728 377.687798 207.632990 361.590538 186.238203 345.603676 159.723988 319.458733 229.343276 285.161839 229.711418 260.943012 230.330873 238.652000 234.967446 312.744675 256.819096 275.624599 266.100197 257.964554 283.156643 245.078869 302.035818 318.707161 281.354284 295.550995 309.928408 329.264374 306.200438 356.887016 296.744356 332.200737 299.078894 325.798836 322.563457 348.171158 315.176096 367.506142 301.782761
391.147690 252.039900 393.070717 225.750189 379.158821 207.160792 363.129959 186.281261 347.461128 159.614925 321.728935 230.123849 286.830769 230.813541 262.133904 231.189566 239.931946 235.691214 313.586330 257.673712 275.744286 265.309896 258.535328 281.541281 247.548332 300.189257 318.778896 282.157030 295.017109 310.592194 328.362732 307.691345 356.220284 298.854275 332.217216 299.597168 327.226448 323.074322 349.450760 316.073370 368.588638 302.671995
390.753517 254.695215 395.355415 227.160416 381.364594 207.799459 364.452591 187.741585 347.475052 160.894432 322.837868 231.560440 288.877335 229.566150 265.065022 231.062579 244.647198 236.026096 312.358799 259.492464 273.287621 266.448240 255.845547 281.548176 246.445122 298.863773 314.913025 283.592176 285.782433 307.283020 307.048416 317.173462 333.037758 321.298714 326.561127 302.210712 317.259426 323.085022 334.899940 324.104519 355.676422 319.653053
391.027756 255.896301 395.659180 229.162302 382.908974 209.475989 366.661224 187.963772 349.563942 160.616241 322.254868 233.574100 289.943237 230.382471 266.838684 232.647915 244.677677 236.849327 311.474991 260.199594 275.445480 267.275648 254.979553 282.347202 240.204582 298.918104 314.290714 282.526331 284.137802 304.671192 280.296402 325.465393 280.774250 340.314274 327.985001 301.217623 325.050468 320.406561 348.433189 317.774048 371.647491 307.782240
391.617737 257.058649 396.485138 229.961758 383.873367 209.310837 367.055054 187.436571 350.550117 160.562840 323.293800 233.287711 290.921021 230.178423 268.113995 232.498612 246.361828 236.861615 311.018410 260.205231 274.603996 267.320423 253.967113 281.621075 239.673710 297.819414 312.936077 282.785683 284.376850 305.157223 279.850655 325.601292 279.864960 341.129065 326.069756 301.663198 326.177330 319.929771 349.749222 317.393103 373.013649 308.444109
391.130524 258.490362 396.367035 231.755548 383.865395 210.533094 367.074242 188.117409 350.547142 161.434350 321.979637 234.618244 290.372105 230.892463 267.900543 233.584771 246.245556 238.128719 309.892941 261.451435 273.866348 270.073042 253.642235 284.002819 238.620396 299.165325 312.208462 283.964338 282.096634 304.702406 275.467644 325.218945 273.304596 341.175699 325.341644 303.287830 323.126717 321.417046 345.619240 320.119543 368.614311 312.550478
389.459763 258.631010 395.778580 231.429763 383.090935 210.443630 367.087936 187.941999 350.349159 160.980434 324.607239 235.051632 291.799374 231.125464 268.395233 232.326250 246.398697 236.752181 313.056526 261.592197 274.930725 270.031528 253.803749 283.470984 237.208099 300.486832 313.725643 284.426308 279.496346 302.494984 270.585423 322.852077 271.061745 342.767286 324.305115 303.532934 315.055771 324.260559 327.455482 337.660275 344.706573 350.053196
391.752586 258.193703 396.298409 231.796989 383.654480 211.517243 367.456589 188.609390 352.146988 162.193508 324.942551 237.245464 292.750053 232.353573 269.332047 233.727150 246.444988 238.020029 313.099346 263.806372 274.981728 271.199169 252.916660 284.024792 231.334991 301.046591 313.957100 286.984549 278.034058 302.968655 265.396843 324.500256 257.004547 346.708374 324.798546 305.900173 306.641331 328.911810 305.859127 347.937698 307.872410 366.683550
391.939507 256.010542 396.690178 229.019923 382.789307 209.023247 367.934685 186.743889 353.031235 159.503918 323.196678 235.603824 290.131798 230.485110 266.192455 231.128197 242.646637 235.092459 312.208099 262.533274 271.349316 269.987097 247.000599 282.496490 221.152210 299.636250 312.850132 286.228981 274.630489 302.819338 254.618225 322.094078 238.108215 341.667252 323.540535 305.375948 297.907391 329.897661 284.908371 349.458218 274.644451 367.851362
392.571869 255.206366 396.198082 227.405791 382.594872 206.440945 367.178192 183.877430 353.264771 157.032051 322.298584 234.865007 288.835258 228.388481 264.331398 227.850451 239.728394 230.509129 310.674477 261.788979 269.779167 269.082241 243.900795 280.405941 215.944099 295.774612 311.537933 285.509949 272.169971 301.801701 249.954605 320.607119 230.649261 339.453564 322.610016 304.551773 296.686707 328.789129 283.590469 348.132906 272.753124 366.089602
389.888573 255.014362 395.961952 226.871452 381.869888 206.902657 366.847992 185.846643 350.830345 158.615313 323.088226 235.141354 288.858566 229.427204 262.974224 228.788023 237.778549 231.077957 311.285610 261.705322 268.732529 269.857721 242.805920 281.614523 215.183735 297.419243 310.780525 284.983721 271.220093 301.351290 248.475189 320.263538 229.511833 338.774843 320.027161 303.913937 293.415794 327.966099 279.324322 347.143650 268.402882 364.921961
390.369682 256.706886 395.395012 228.826933 382.392273 207.507119 367.377815 184.871807 353.559532 158.547850 323.198700 234.152613 288.722305 227.519302 263.648968 226.840467 238.876057 229.466114 311.322098 261.301317 270.169220 269.251385 245.406075 281.411047 219.024906 297.455263 311.414623 285.113783 272.379494 300.805664 250.502472 319.745865 231.795731 338.914461 321.266899 304.171028 294.476738 327.015123 281.049232 346.007023 270.202599 364.139614
391.163750 261.622181 395.034676 237.040701 383.374672 216.855755 366.866760 200.440693 349.497375 184.058504 314.794750 233.428073 279.390182 225.265303 289.253502 241.393976 307.339706 255.523624 306.405678 261.521587 264.967442 265.204411 278.556957 286.739531 297.317600 301.084929 306.978779 286.808710 270.094299 295.280514 278.284702 315.510979 293.699417 329.720335 317.260475 307.222567 295.190983 323.988504 297.858715 340.346260 306.416283 352.920084
400.070267 257.623415 399.265137 239.587169 383.805504 227.520976 369.575844 224.255533 348.364372 223.754311 317.151146 228.918271 288.862991 235.233307 315.806427 251.226397 341.401787 259.416447 313.677711 258.140631 285.386887 272.527342 325.655556 286.061783 353.218155 283.985653 313.105907 284.310865 285.606785 298.361979 320.111237 309.788074 349.630775 307.333746 317.796459 304.742117 296.766720 322.240391 319.201279 329.042702 342.254944 324.849815
409.766541 258.012514 406.517487 240.473900 391.925621 226.787467 376.626244 226.336913 360.501137 238.852086 319.955444 219.074450 321.761398 244.443283 350.895920 249.543171 361.993942 243.294868 313.431606 248.983183 315.535507 270.425606 356.502419 273.410540 360.659637 262.980309 314.663734 275.130386 316.042080 297.665119 352.960968 295.956945 359.537125 280.962381 321.163826 297.926445 323.308067 316.324110 348.594360 312.163496 354.950867 298.010502
407.671585 252.739878 408.223228 234.462647 397.103958 220.448742 382.513351 226.407394 367.745972 239.852242 323.772964 214.083037 335.063820 242.260122 359.829559 246.708813 369.245720 242.625332 313.736229 243.179626 331.287918 270.403976 366.724014 271.328630 366.661606 262.310572 314.291420 269.278393 329.296074 296.369476 360.590439 293.355560 363.919487 281.280441 321.417961 292.218304 332.161140 312.798128 354.373360 308.285437 358.197327 296.624765
410.250587 253.583937 411.725998 235.221977 400.394974 220.674005 386.280899 227.361059 369.877357 239.396639 325.881271 215.407147 336.860085 239.159989 361.713524 245.173531 371.226654 243.044386 316.070499 244.916868 332.982712 269.207897 368.044357 271.494656 367.770004 263.166704 316.685581 271.193562 332.657356 295.207129 363.784142 293.500986 366.817932 282.153568 323.530769 294.619989 334.033051 312.083673 356.021652 308.547878 360.151978 297.814293
410.427284 253.882456 412.461281 234.257069 402.676163 217.466812 388.645782 224.029884 372.648087 237.668381 329.014587 212.727413 339.329605 236.632233 364.545784 242.067375 375.314445 239.791646 317.838745 241.745424 335.886345 267.388630 370.594368 269.947643 371.726418 262.099199 317.622051 268.080511 334.500809 293.755245 365.905266 292.144003 369.973183 280.931797 323.882904 291.703663 335.737076 311.387501 358.370323 307.850761 362.934113 296.806955
410.379486 254.526787 413.669586 234.628115 402.836456 217.580152 387.424469 223.975453 371.649704 238.824506 327.944527 212.164450 338.273010 240.097275 363.387909 245.135164 371.923485 240.554552 316.916389 242.003288 334.422951 267.961006 368.987427 269.947329 368.952408 261.084623 317.360802 268.661642 332.803307 293.812065 364.110794 292.207317 367.839432 280.302200 324.063072 292.511501 334.495392 310.980721 356.804695 307.679672 361.569214 296.776571
410.524673 250.265951 414.834290 232.748122 403.517723 216.738725 388.463936 226.149545 371.499138 240.340691 327.353554 213.653555 339.100494 239.202776 364.091187 244.373159 376.113358 242.458735 316.848774 241.861782 340.874901 269.964695 374.639359 266.643963 375.524673 255.849953 319.023781 267.024508 337.949295 295.477667 367.601929 288.730431 375.043373 275.926552 326.691666 289.401197 325.000648 316.852369 332.357635 334.346781 331.343994 346.682396
413.098297 254.441185 417.833481 235.112057 408.234444 220.161095 392.902260 227.175536 379.469566 244.061737 334.081078 212.562060 346.686401 242.669878 372.086143 247.026587 382.911339 242.458305 320.992203 242.456217 345.110512 272.067890 380.660934 268.703642 377.692413 256.739130 322.357674 268.254719 338.410454 296.242361 369.478302 289.360256 375.842857 276.069460 329.091759 291.280804 313.994522 317.983360 307.429695 337.805386 295.649052 351.837044
414.102020 251.791906 417.386093 230.670347 406.987381 217.251377 391.626778 225.324569 377.799225 240.123739 334.269371 213.765078 345.532265 244.730301 373.353271 249.758120 386.364861 245.084209 320.244331 240.908775 345.052109 272.610369 380.072327 270.481682 380.985603 259.006863 321.389275 265.837498 337.759056 295.096693 368.890076 289.657373 377.070007 276.795759 328.410721 287.992315 312.503319 314.876976 306.399364 334.900761 295.597000 349.249306
412.102737 253.571005 416.169891 233.076754 406.920815 218.795271 391.060295 225.152235 375.881538 239.759016 334.695129 212.432156 346.126633 245.321589 373.296928 249.839172 385.672188 244.150486 320.309181 239.671826 345.646553 272.020426 380.563507 269.553366 380.244446 258.000412 320.626183 264.275751 336.973267 294.571209 368.444977 288.961630 376.620331 276.197777 326.448174 286.608553 312.468281 312.926989 308.788891 332.413845 300.390568 346.524353
407.137871 256.248322 412.786102 236.342597 404.370499 217.103319 392.890282 221.029930 380.406151 225.652571 326.230125 220.641589 326.629868 243.461380 350.400810 254.166985 368.456573 258.254042 318.274918 246.629534 342.313576 279.774227 372.872047 272.701235 376.758957 260.021095 322.235298 270.083427 341.590500 301.373377 369.330406 291.792984 377.974281 278.929024 329.358292 291.532059 315.385818 316.277304 311.203346 334.929972 303.420181 349.927225
409.318314 257.182274 415.827293 242.839050 407.536430 225.126271 397.077217 223.782320 384.120865 224.127674 336.503296 223.473816 311.999645 225.862398 287.789764 229.665127 263.704777 232.860618 325.134888 247.585688 339.843864 277.725935 376.379700 270.234890 378.242607 253.915758 326.430817 269.735899 338.834801 301.418867 368.723145 291.801682 376.151886 276.983900 329.876099 291.421595 313.724499 316.637249 309.133530 336.420078 300.407410 351.342831
411.680260 257.291222 416.204338 241.962805 405.875587 223.738747 394.164505 222.471442 380.572739 226.285000 336.706161 221.389847 307.297630 221.654391 279.756393 224.267664 254.853821 226.636248 325.053101 245.528212 340.112610 276.142445 377.426109 270.722752 377.942963 254.827595 326.155281 267.909622 340.692291 298.991690 369.451332 290.427189 374.777794 276.380854 330.890656 289.667587 314.297619 315.052128 308.413429 332.912579 298.191147 345.900249
412.557144 259.147539 418.574867 243.110962 409.079208 224.068565 394.909897 221.870270 378.826065 225.378513 339.092407 223.185554 310.729980 223.634605 285.325050 226.414061 260.170975 228.550601 326.401901 244.987764 342.698936 276.892376 377.825241 271.929045 378.965683 255.739746 326.516418 267.213936 341.547470 300.525684 369.231834 292.324505 374.261818 277.450333 330.759735 289.540215 314.731274 315.543308 308.897514 333.628407 299.710293 347.593174
412.064514 259.333735 417.688370 243.633413 407.033119 224.360819 393.733978 223.293514 380.226021 227.981315 340.717545 223.127203 315.376415 224.092283 292.344170 228.154993 267.903271 231.713476 327.197113 245.391083 343.683243 277.367020 378.208046 271.978540 380.840492 256.337099 327.377548 268.121996 341.986885 301.465187 369.982643 292.994356 376.826401 278.296795 332.106247 290.103836 316.982956 315.447464 311.121693 334.768181 302.375507 350.114737
414.204750 256.440582 415.817299 238.725228 406.347122 225.408540 395.764542 222.600818 383.687973 222.049670 341.983109 220.126419 313.377495 218.509498 291.370182 221.916561 272.480068 226.983576 335.536156 245.989494 310.849571 261.083593 330.809937 279.449759 352.464104 288.247433 337.254295 270.118418 315.661049 285.586367 331.204720 303.972874 346.550102 312.870827 345.478477 289.835043 323.128242 305.256815 321.854820 321.877985 322.875824 333.085299
412.127457 258.209066 422.745552 235.968633 416.847839 219.347348 404.277649 217.306981 387.413940 214.311132 345.593262 221.258254 309.367180 209.417381 282.576694 201.503692 257.180882 198.364735 335.760498 246.813269 299.729080 259.604330 277.976017 273.893709 255.549793 287.083282 336.522179 269.008255 331.581192 293.745346 358.355598 292.835484 375.454788 287.318344 341.445160 286.315184 323.713684 308.221149 319.390221 328.216867 313.941650 343.811188
419.157104 255.739374 424.994507 234.166460 417.248840 219.775171 403.608818 218.927836 384.639053 217.145619 346.164780 223.589330 309.596367 211.639366 284.474697 202.168021 259.987259 197.475586 336.913872 249.030790 304.765949 261.642237 282.416725 277.102146 259.530869 293.081589 338.135605 270.868950 334.756699 295.691700 361.151237 294.359837 378.677063 290.100460 344.744072 288.290691 328.196373 313.282986 323.324890 332.183704 317.945404 346.617594
413.261833 260.330086 422.094498 237.076464 417.849503 219.953742 406.908646 207.536860 392.556610 190.019045 346.034393 221.988988 307.989063 210.865602 282.244511 203.650689 257.506161 201.529942 335.420876 248.052378 302.710152 262.295036 281.403446 277.472820 259.746952 292.687197 336.515732 270.350790 334.789658 295.359793 360.501671 294.846411 376.972160 290.469332 342.450447 288.107815 326.144409 312.925243 320.138626 332.570972 313.761921 347.791042
416.815376 258.954020 426.421623 232.618675 418.179970 210.070095 410.545235 187.340670 403.786964 157.053108 351.168137 222.669969 311.891403 209.568887 285.662956 202.138166 260.241642 198.409052 338.936920 248.086052 304.770699 261.806402 282.895546 280.009260 261.352119 297.195940 339.043083 270.351620 332.162514 297.725286 359.326363 299.266090 379.725227 295.908279 345.398140 287.050323 329.018593 314.344368 329.940681 328.253632 331.788673 336.863022
420.525818 256.020813 423.741608 227.944293 414.025574 203.334532 407.564011 175.616670 404.278641 144.051976 346.879272 226.456060 309.036255 215.206575 283.604660 208.527775 258.120193 205.798130 336.728897 252.960062 305.168571 268.855677 283.920059 289.436388 263.212605 308.495121 340.775795 275.154791 334.590149 300.853243 361.854973 302.863283 382.425804 300.131292 351.038704 292.467642 332.344284 317.591372 331.779137 329.628811 333.208351 336.891146
425.280685 256.528330 424.277916 227.833357 413.413925 203.660645 406.300354 176.367645 403.306046 146.163754 345.734062 226.999025 308.183422 215.231895 282.354488 208.606710 256.556854 206.186399 335.654144 253.417511 303.418140 268.278580 283.073273 288.030510 262.983971 307.298985 340.355186 275.260334 333.833466 301.166782 359.433250 303.390970 377.762756 302.122993 351.642685 292.263966 333.470612 319.297714 330.936661 331.717873 330.012779 339.653378
424.903984 255.279951 424.613686 226.767883 414.438286 203.324747 408.039398 176.468067 406.074219 146.361623 345.172615 226.954021 308.047562 215.776877 282.414303 209.865375 256.871166 208.160591 335.213737 253.256035 304.004860 268.160620 284.394970 287.529001 264.484425 306.949110 339.914894 275.263767 333.359795 300.455933 359.628716 302.341290 377.701912 301.249952 351.295395 292.534704 332.394333 320.299244 325.562706 335.415859 319.713039 346.129189
417.651749 258.457346 425.265007 233.358936 414.369774 209.643946 404.381981 179.743438 401.618004 147.134399 348.681793 231.067100 311.134892 224.333396 287.387905 223.632545 262.561932 225.178714 332.732506 259.762917 287.030563 262.823668 260.017509 271.772432 230.481853 282.118349 330.850143 285.186653 286.254578 295.223150 296.063614 309.220448 308.687935 321.469116 341.198692 305.597849 317.200623 327.574883 303.042068 346.918602 290.897636 362.928915
417.566223 256.146498 420.503540 228.131475 412.045631 202.703233 407.116241 172.111216 404.582825 140.812840 341.238174 232.694607 303.186626 219.018803 275.328903 212.483182 247.789211 208.087850 327.821655 258.753748 278.538246 260.466242 245.093250 262.936020 211.271782 267.798758 328.492393 282.782049 282.305870 295.764856 253.124123 306.498785 225.850849 316.085358 340.177574 302.783060 310.167961 326.220360 292.911777 343.190317 275.699921 357.853947
416.275215 254.524755 419.816055 226.095901 413.161697 199.796562 408.185501 170.050650 405.269737 138.585691 339.050674 228.731160 299.637890 213.145795 270.957451 204.234066 243.154755 197.593832 325.648499 256.018696 276.004276 257.738457 242.100010 260.548038 208.152599 265.382853 326.561432 280.895033 280.450954 293.857040 250.299320 304.010897 221.851597 312.768230 338.672104 301.334352 309.208221 324.774513 291.493111 341.695747 273.005257 356.310682
416.441879 255.220585 420.089722 226.264229 411.802292 201.932774 404.599648 173.894863 400.169678 142.567692 340.952835 231.479702 302.005196 215.858874 273.160210 206.880512 245.716286 200.030508 327.492752 258.500090 277.281094 261.171713 244.380569 264.607458 210.934143 269.517231 328.149223 283.053761 282.001190 295.777874 251.640167 306.222696 222.835903 315.319262 340.144348 302.925625 310.735130 327.045307 293.349247 344.625149 275.372238 359.860210
421.511002 253.542023 416.840286 223.311853 402.305641 198.034916 390.813751 167.492938 384.011993 137.095513 336.166840 232.720985 296.251106 220.798688 268.103867 213.621197 240.588837 208.452702 326.483421 261.007662 278.665962 266.325731 246.361618 271.434231 214.041328 277.898884 331.385536 286.089077 286.216373 301.991272 256.441879 314.341965 227.845650 325.410118 347.247353 306.438074 319.021397 332.774334 302.395782 351.514177 284.639778 367.928724
415.954056 241.823902 395.371399 213.160558 366.704102 190.974998 343.549957 169.325910 323.766098 149.340477 321.449776 237.748432 277.861061 239.441872 248.439293 240.289478 220.876541 242.634602 324.346542 270.014105 278.886375 288.731260 248.040543 301.111393 217.956104 313.054676 340.917664 294.642448 303.132153 320.051765 276.856461 338.460960 250.950546 354.654350 367.145081 311.035194 350.839119 341.964169 343.317337 364.934406 332.923851 385.903416
419.048233 240.312109 396.714897 209.408469 366.164856 185.591469 340.968742 166.473999 319.537735 146.807642 324.373932 236.921811 280.926704 240.347071 251.279583 241.066246 223.420715 242.841196 329.923286 267.747860 285.719318 287.612400 254.754028 299.360046 224.537239 311.560678 348.610077 290.517883 311.833725 318.731518 284.976082 338.578978 257.827396 356.029758 375.794563 304.566307 361.535416 337.353487 354.217072 360.795164 343.886147 382.556190
422.095261 240.001345 406.386642 209.544067 381.099091 184.920015 359.520378 160.281715 343.569412 134.842014 333.680038 231.053553 290.407448 228.796148 259.807701 226.204834 231.392555 225.318804 332.930641 263.284492 287.918243 278.669214 256.235943 287.983131 225.915947 298.583908 345.299339 288.435516 305.888805 312.515631 277.601414 329.963179 250.146389 345.716600 366.937981 306.376104 346.198997 338.659544 334.519882 361.201057 321.260109 381.812096
426.789284 260.704050 445.167694 239.193435 442.850494 216.272736 439.418983 187.230721 442.509003 156.707768 370.998993 238.462415 336.176262 223.450828 310.723877 215.786476 285.113697 211.843815 349.845886 263.080072 301.535492 261.510487 269.995918 265.068626 238.862572 272.528572 343.458862 285.856447 294.370556 293.431177 265.256634 304.166164 238.053474 315.141850 348.287430 304.953260 313.119907 322.339725 293.066311 338.175488 275.163860 354.182882
416.105194 284.114342 450.631523 275.418520 464.002724 263.870659 475.419502 246.693935 493.082619 235.616941 403.123779 268.535957 379.473419 251.063519 359.731865 243.242798 337.601357 236.213837 372.637672 280.003366 332.506256 267.557859 302.752438 266.592836 272.518272 266.602707 353.790665 292.539797 310.056820 288.203316 279.058914 291.586361 250.877686 294.384012 344.071350 303.764477 308.362923 313.466320 284.325409 324.598360 261.861343 336.064625
411.498260 293.777390 446.410446 290.729427 464.574127 282.998857 480.958366 267.250471 497.337723 252.341967 406.790924 273.096056 390.507851 259.338970 372.343712 256.182489 350.298843 254.758158 372.888680 284.000587 337.541275 270.634203 312.690125 269.599142 285.856647 270.659838 349.831085 297.204351 313.376217 289.717569 285.273132 291.787376 258.225422 295.782480 338.042183 309.739780 304.703884 312.847395 282.215405 321.027946 261.781158 331.123981
413.381844 290.022955 450.126228 286.965151 467.588463 276.263924 483.721237 257.581959 495.735550 240.764952 407.217865 271.598082 392.179031 259.650736 372.878304 255.333595 349.626541 251.850214 371.867599 282.431860 338.605080 271.372576 314.086361 271.684370 287.525673 274.075127 346.914330 294.685879 310.544548 289.592428 282.934952 292.454710 257.121677 297.915945 335.016708 307.531672 301.732063 313.618269 279.340324 322.475624 260.182152 333.420496
432.904510 268.817511 442.781906 244.387007 431.475830 223.468623 421.407318 197.131777 417.114677 165.434475 367.533035 250.327177 334.620590 241.235504 309.665375 234.957762 282.743721 231.369925 352.162628 276.885395 305.940628 282.196598 276.236458 289.082937 245.334282 297.680569 349.361305 300.710220 304.675026 312.173338 274.936543 325.066738 246.822224 336.962471 357.087212 320.991268 324.204102 343.173923 306.523457 361.809397 290.897293 378.791943
413.405113 260.024071 401.637230 228.936653 379.957275 208.948188 357.364197 187.653279 337.162704 164.560919 330.560036 249.448214 290.930080 248.867283 262.048683 247.472219 234.369469 247.866211 329.084396 280.773182 284.835377 295.699511 254.847431 307.628632 225.654964 320.790453 341.376610 306.269188 304.023457 328.492641 276.949425 345.748901 252.609825 361.477547 363.320923 325.109625 342.757874 355.630331 332.272224 377.925739 321.594238 397.599506
408.959389 255.997925 387.012787 228.035831 358.058434 208.219457 333.588905 190.945888 312.414761 173.575101 318.963776 254.932165 278.340206 258.170557 250.791149 260.447531 225.036850 264.056053 324.605141 285.678005 282.892818 304.149055 254.104691 315.173149 226.547318 326.980906 341.981392 308.716364 307.584972 334.642982 281.726360 352.973957 256.612167 369.366245 366.740417 324.222479 352.975883 355.612164 346.703110 378.229637 338.375473 398.933058
412.016716 254.525814 395.594063 227.572331 369.930038 207.486134 347.782249 186.894093 329.756699 163.526444 325.522957 249.693489 286.009216 250.102329 257.829361 249.414082 231.291695 250.655222 325.578079 281.069098 283.310318 296.144457 254.374352 307.213297 227.007370 320.193357 339.154129 305.392771 301.808853 328.605595 276.193676 346.422300 251.833305 363.184690 362.223320 322.785816 344.131355 354.428272 335.166283 376.763134 325.055542 397.485094
415.345116 257.609539 421.014404 233.033466 406.821747 212.005634 391.421432 187.607517 379.981461 159.741197 349.558868 240.234060 314.547119 233.311844 288.320084 230.281692 261.558075 230.150671 337.418365 269.378471 294.959469 278.076611 267.443409 288.652382 238.169479 303.215675 338.116150 294.904003 295.489655 309.207001 268.537331 324.285221 243.026047 339.288139 348.824348 314.752035 322.304382 339.806070 307.449493 359.831572 293.651791 378.651009
407.532768 272.969913 440.472717 257.966709 446.980247 244.499245 448.164711 225.542378 447.778625 210.021830 386.137772 254.163122 357.590714 243.036604 336.381798 242.035933 313.192539 243.122149 360.028343 274.536238 319.082890 272.893810 291.769257 280.338564 262.231064 290.398493 345.263100 293.025799 303.654518 298.947430 274.164047 312.707262 248.906975 325.906477 340.184097 307.544231 308.282204 323.720655 287.545033 339.806499 270.036011 356.849384
410.621948 285.363636 442.460556 276.162930 458.250732 266.994038 473.441772 253.084774 492.023849 239.592047 404.045563 260.885582 385.363159 251.540136 367.815704 254.730349 347.163849 261.473980 374.950371 276.658716 340.380592 270.106659 314.321232 277.492189 288.927441 287.220011 353.827629 292.398233 316.592712 290.442982 288.895779 300.129719 265.245953 311.171408 342.311668 305.145836 309.847870 309.946775 286.882229 320.174160 267.182312 332.554750
400.834351 279.873962 440.520554 278.192739 458.976746 269.751291 475.874367 254.493055 486.938095 241.982861 402.554054 257.611485 388.682556 252.944212 372.665977 258.001986 351.302147 266.839771 369.850998 271.920061 336.730232 271.249323 312.172260 281.140766 286.478939 293.834810 346.008339 286.834517 312.317524 290.442924 287.380409 302.559586 266.066818 316.972275 333.442879 302.037821 302.596512 313.178015 282.994576 325.817757 266.421776 340.216827
402.874413 283.571348 439.818954 282.007942 458.465042 272.925167 475.341797 256.969357 487.787170 242.521620 403.317719 260.570927 390.666389 255.865145 374.758873 260.956593 352.060204 269.496603 370.085068 274.626303 337.811470 274.329185 312.900391 284.046822 286.624146 296.189346 346.025009 289.326096 312.831230 293.062420 287.425632 304.460678 264.332962 318.366451 333.499870 304.612198 302.220879 314.816408 282.505074 326.894217 265.213814 341.222448
397.978134 284.675102 438.560181 282.355471 459.710464 272.845774 477.844772 257.721691 489.669800 242.933779 401.457634 261.034184 389.403610 254.757071 374.982033 259.108114 353.535805 268.246679 368.814392 276.016073 336.689835 275.614529 311.442070 285.362206 284.450188 297.810001 345.366325 291.220036 313.618088 295.274305 288.499470 306.407290 265.819855 319.881992 333.604622 306.211138 304.171562 316.101923 285.077324 328.245649 267.792778 342.645178
397.387466 284.403563 438.252563 283.582335 460.029411 274.107571 479.302979 257.987537 491.753960 243.187180 404.298744 261.947622 393.108978 255.974264 379.315186 260.023842 358.442955 268.381519 371.170502 275.989637 338.599434 276.332846 314.116879 286.621284 287.402878 299.165239 347.207069 290.600023 314.498844 295.243349 289.255447 307.343760 266.697502 321.892691 334.869347 305.535822 304.045753 316.144295 284.057465 328.721066 266.286030 343.181963
399.617538 284.428654 441.378326 284.342051 462.160263 273.908558 480.014076 257.149458 492.569427 242.794876 405.196381 261.309729 392.297058 254.823332 378.058357 259.006290 357.427673 268.421602 371.388893 274.834528 340.257835 274.079132 317.469006 284.310265 291.916580 297.684345 347.622871 289.734707 316.267853 293.619232 290.907421 304.857273 267.854424 319.339342 335.361633 305.899343 304.942665 316.367283 284.589539 328.505859 267.017784 342.572794
401.463165 278.961582 441.917343 279.451075 458.769035 269.473944 474.110832 254.089766 482.208366 243.520346 400.645027 260.501719 387.912712 253.529491 372.822571 256.470222 351.443024 264.050016 367.856903 274.190283 336.949425 272.284012 313.258896 280.771179 285.920906 293.048229 344.582977 289.018049 312.710381 291.946907 286.703758 302.475901 263.351612 316.529531 333.208771 304.430866 301.227989 315.676403 280.143013 328.049812 262.880974 342.842817
395.951958 285.729847 431.593437 281.335974 449.477692 271.538744 465.170937 256.730375 479.442673 242.159472 398.338509 264.013596 386.157074 254.501495 370.224762 256.449938 348.714409 262.317238 365.742378 277.955761 338.644257 269.644203 317.950001 276.725693 294.885750 288.227777 341.993790 293.006487 310.672684 290.493221 286.383896 298.526773 263.295822 309.698296 329.660721 307.996960 300.578156 313.713627 280.240822 323.259144 261.833572 335.531902
399.719238 282.465477 437.502594 280.924845 453.070679 271.480122 466.776237 255.063229 477.825356 239.597554 397.423515 262.891560 382.898865 253.042288 366.269531 254.606209 344.080620 261.316023 365.746880 276.590853 333.168793 271.600342 310.680790 278.250961 286.095314 289.386492 343.364792 291.100044 309.900455 291.495781 284.800529 300.586395 262.459373 313.307333 331.723785 306.370325 299.545021 315.075989 278.325005 325.157032 260.913315 337.636757
405.828171 282.624693 441.581230 279.095306 456.749153 268.685017 468.833237 251.704674 480.019302 236.566129 397.676239 261.570282 383.791275 249.147234 368.534927 251.565571 347.314911 258.706398 366.638222 275.651522 337.132111 267.628183 315.307903 274.384232 291.361637 285.154924 344.609566 290.201826 311.370468 288.766909 287.019234 296.687880 264.225578 307.431421 333.253632 304.700775 302.299442 311.409416 281.217575 321.115065 262.467232 333.235044
408.511238 277.594786 442.771034 272.774734 457.616348 263.052979 469.875298 247.770853 480.962753 234.205027 398.072891 258.436375 384.050941 248.461418 368.511124 249.367418 347.529526 254.309006 367.039185 271.866674 336.681404 264.422464 315.296955 270.689335 291.475353 280.919495 345.244789 285.941534 311.387081 284.547043 286.196747 292.246971 263.170300 303.109474 334.249611 300.037193 302.347622 307.497482 280.451984 317.898359 261.778069 330.792160
