361.456184 258.537426 383.836746 289.691191 388.180466 324.073648 375.109444 353.379049 363.763733 385.379734 330.036812 282.099495 287.560654 313.225536 260.254059 346.564550 239.965668 376.812916 298.577251 270.400543 240.164680 289.393988 206.600704 325.664549 188.616123 355.808659 278.203011 270.325727 226.131020 286.189327 194.371452 317.623329 177.837791 340.621948 265.686970 277.678442 226.618557 290.321417 200.398464 306.867599 182.106133 323.376846
356.630363 258.381128 382.051849 291.299658 387.181358 327.370262 374.695282 354.855108 361.150322 384.997473 331.083374 282.919807 286.781635 316.492023 259.282951 349.235916 238.158951 379.159126 298.731995 270.177269 240.364037 294.421120 206.727104 330.563536 185.121613 361.213360 275.771770 268.792477 225.052414 290.889187 191.330338 323.404884 172.647266 347.543449 260.597324 274.516096 219.828949 291.470375 192.396278 308.784170 173.129120 325.531998
356.416245 254.872284 382.756348 288.009109 388.232155 324.740896 375.048409 352.972927 360.323029 382.020550 331.506653 279.300299 286.696167 312.458010 259.885883 345.590630 239.473839 374.933567 299.243793 266.402121 237.879047 289.169397 206.482277 326.760550 187.906303 358.303442 276.050663 265.555773 222.488117 287.468319 190.107021 320.538654 172.534180 345.321922 261.038055 272.182817 218.136921 289.458475 190.042953 307.401581 170.547676 324.570065
358.393631 254.232731 384.290276 287.361403 389.413872 324.236240 376.345139 351.598206 362.743301 381.729355 331.825371 277.113047 289.229889 308.953199 262.225075 342.679796 241.360683 373.301296 298.724003 264.838228 239.799271 285.389671 208.196964 323.188591 189.811516 354.979191 274.837761 264.699812 222.950058 284.769230 190.502739 317.951202 174.379826 341.877394 259.290028 271.591444 217.141647 287.862854 189.745560 304.938498 171.232338 322.050648
354.496918 256.174221 381.607666 289.691277 387.640915 325.128937 374.775581 351.063538 361.766014 381.372128 330.982857 279.162855 288.699398 309.230289 261.732388 341.924543 240.915680 372.141724 297.228813 267.454462 240.024185 285.971775 208.014908 323.118267 188.919868 354.872646 272.953281 267.482929 222.698002 285.984621 190.072784 318.570299 173.613205 342.626009 257.125950 274.242439 216.077366 290.038147 189.441338 306.284208 171.302414 322.732830
359.606247 253.372765 385.859489 287.882538 391.380539 325.726089 378.611412 354.868841 365.811844 387.081041 334.747658 279.870157 292.406807 312.800188 265.883179 346.254015 246.036873 376.944780 300.441437 267.479267 242.787857 290.373859 211.058121 328.019686 193.106384 360.458450 276.076736 267.038155 224.080601 287.951546 192.064819 320.895424 176.618996 346.326914 260.533409 273.513279 218.428192 291.224413 191.979713 309.415398 174.994659 328.061686
360.063553 256.267090 386.486282 291.328068 393.976364 329.873600 382.240906 358.487892 369.209099 391.087132 338.334808 283.828268 296.586990 318.250523 269.765549 352.704449 249.061241 383.720055 302.794647 269.786453 245.236492 292.264709 212.438736 330.930834 193.138447 363.128872 277.585087 269.112139 226.463509 288.453741 192.467804 322.400150 175.718040 347.440739 261.109028 275.601940 219.909401 291.903362 193.296700 310.475435 176.989250 329.586096
360.633888 255.965538 385.786591 290.051222 391.593475 328.340521 379.664764 358.925600 367.521591 391.879807 335.700264 285.761461 293.524818 320.684309 266.823654 355.165186 245.660095 386.103401 301.658745 269.632502 243.100643 294.577589 210.829811 332.307014 189.960709 363.629951 277.571526 267.205725 223.920879 287.507401 189.201279 320.878744 170.606499 345.839825 261.955776 273.149214 218.544044 290.085526 191.332226 309.216013 174.326172 328.382349
359.359474 253.892498 384.917984 289.020424 390.827904 327.934484 378.414841 358.799629 367.204285 391.314726 337.004013 283.845921 295.137329 318.642340 267.444515 353.108768 245.794964 383.526192 302.372074 267.818642 242.004662 291.342974 209.901848 328.968258 190.075722 359.839268 277.800922 265.627527 222.552929 286.268234 188.496552 319.681034 171.037884 344.398985 262.094498 271.902151 217.815971 289.155521 190.341339 309.023781 173.236256 328.271685
361.139450 255.965309 386.727829 291.837273 393.820114 330.987940 382.055397 360.758257 369.199104 393.448391 338.329773 284.878979 297.006168 320.859604 269.651413 356.045551 248.599205 387.505445 302.515869 269.200888 244.065285 293.492689 211.444550 331.701279 191.930885 363.448877 277.548676 267.549791 224.065971 287.941961 188.791809 321.473608 170.855350 345.977497 261.618309 274.078903 219.359856 290.111961 192.411690 309.258614 176.019344 328.176212
361.554947 264.787817 388.184204 296.279097 395.602989 330.280895 384.363403 358.528433 373.185272 387.728033 328.475800 284.061184 284.361115 316.868591 259.401302 351.512604 240.298214 383.675165 297.740021 276.236143 237.623596 303.827305 206.341438 344.001932 187.930145 377.852640 277.460346 278.875294 224.904385 305.411282 195.062981 340.332642 178.767586 367.302904 265.546360 289.223843 224.417648 311.216555 197.668419 332.681007 178.059254 352.796974
359.063797 272.486143 388.513489 301.242714 395.826225 329.622545 386.193466 355.236568 373.274117 383.788862 321.756248 289.796162 276.833019 322.415657 253.872490 355.160322 236.244106 386.774597 292.318134 286.128931 233.911228 314.777670 205.997276 353.092146 189.041386 387.986698 274.940395 291.177607 225.750999 321.644096 200.901756 355.601149 186.914253 383.666210 266.017227 303.411798 229.411564 330.349503 208.185310 353.024883 192.473335 373.012333
373.998909 279.063549 394.597549 288.389654 391.461792 301.007309 380.457382 322.944231 367.326736 346.759415 306.070099 285.817595 260.648308 300.314569 240.970306 326.632748 228.533554 357.502127 287.072353 303.101435 229.987297 321.271963 202.847939 353.170624 184.880524 386.913671 280.016804 320.372944 234.134121 341.594210 209.329929 369.890728 193.596611 396.474953 282.328129 336.354589 254.877319 358.972206 239.508514 383.307896 228.712444 405.632057
374.382362 286.632156 396.681328 291.889515 393.440704 298.557816 382.706375 312.724628 367.567749 331.198082 304.081936 287.887917 260.582066 294.495850 241.978626 318.127155 230.385742 348.712435 286.986027 308.565302 231.482162 324.284534 205.825176 356.206341 189.549522 390.611143 281.546383 327.405739 235.498390 345.799198 212.394714 375.113268 198.592453 402.486219 286.040382 344.480181 259.784927 367.058487 245.469360 392.307158 236.729908 415.672874
371.152878 290.449648 390.387611 280.456238 380.132942 281.362953 369.307747 288.235846 347.924271 299.447422 293.045406 281.660671 252.420712 291.739140 231.437893 315.109835 218.303852 343.816595 282.704830 307.883377 230.184250 333.583317 207.012901 364.442425 190.340157 397.579107 282.653713 331.571817 238.533173 358.451185 218.374176 390.036249 206.629944 419.420729 290.697002 352.378979 268.760700 380.515766 260.303955 406.643829 256.313171 431.467552
375.531502 291.884594 387.338676 280.536175 375.687332 277.906723 363.870544 279.684706 341.427765 286.541233 290.474682 282.825193 249.533768 290.961285 228.869286 312.746229 215.401726 339.699125 281.608467 311.807127 230.681591 337.310200 207.726936 366.184444 190.368309 397.798891 284.264164 336.808090 239.981785 365.033283 220.478134 396.025200 206.336746 426.246185 295.750237 357.243118 274.071026 386.840830 266.923122 412.511330 262.408562 437.410011
378.984184 286.155281 382.353935 270.883741 366.698761 265.150423 350.129433 262.573929 323.728333 266.697092 280.883179 285.901537 239.143295 295.389862 216.525555 315.920305 203.111534 340.516376 276.852894 316.764879 228.206215 341.013794 206.777916 369.398117 191.429939 400.710583 285.867252 341.337004 243.745365 371.629400 225.702286 403.675947 212.832413 434.543324 304.907341 360.025721 286.089058 393.070965 279.308815 420.094614 274.875908 445.104733
382.078476 281.171665 380.141678 262.685909 362.453003 256.213875 340.921364 255.502195 310.918331 257.321863 279.946175 284.926443 238.696156 292.625542 214.428043 311.076965 196.641083 333.589897 276.289978 314.861784 228.762741 336.879158 206.753426 362.952147 187.948685 392.351589 285.378761 338.437500 242.178669 366.778135 222.630424 398.190508 208.772583 428.902845 304.669037 356.109982 284.742317 389.968014 275.930119 417.853775 270.094299 444.064150
375.758858 283.762980 377.213211 262.427588 360.840607 254.882755 340.965347 252.976542 308.407745 255.161934 278.521938 283.805180 236.043949 293.727894 212.692337 313.305559 197.184010 336.712790 275.859509 315.207052 228.674870 339.075451 209.203835 365.695667 193.147659 395.758495 285.679493 340.776615 244.235878 370.297680 226.323719 402.754984 214.075317 433.732395 304.955502 360.879650 286.328506 394.882879 279.632435 422.301693 275.877380 447.246408
373.699036 284.943094 375.736847 263.682661 359.636955 257.217178 341.060677 256.333752 309.468250 259.910889 277.925110 284.836636 236.681747 296.597729 213.478432 317.361488 199.164791 341.442633 276.481400 316.712122 229.614544 341.777859 210.260391 368.525591 194.651337 398.343458 286.306438 342.875891 245.043545 372.725458 227.592850 405.951347 216.647911 436.862469 304.835701 363.604975 286.124573 397.377691 279.602451 425.065956 276.521988 449.974880
373.263054 285.434847 373.577347 262.595387 355.502281 256.209612 335.058517 255.260782 302.033653 256.178284 276.288815 286.088676 234.493504 298.752222 211.673050 319.861135 200.119858 343.119335 276.800861 318.635645 230.295963 343.710365 211.280117 370.429373 197.640495 399.910641 287.545395 344.966440 246.734428 375.604362 229.930649 408.596306 220.581093 439.359398 306.586685 366.044054 288.772259 401.550894 283.067665 429.516735 281.198750 454.756136
380.687981 284.271755 376.915359 259.085655 356.217575 248.713017 332.837296 245.343933 301.098270 248.523731 277.652035 285.292253 235.874767 297.809486 213.077011 316.883383 199.577789 337.407417 278.296566 319.050436 232.482471 342.981176 213.650169 367.501745 199.807701 394.444313 290.738411 345.556841 250.278912 376.436520 232.849960 409.326868 222.236328 439.898300 312.670002 365.532074 293.731403 401.983023 287.956181 430.212650 285.687923 455.485439
381.457596 282.265892 378.075523 257.287560 357.285805 246.327295 333.747101 244.325581 302.345791 246.536350 279.479256 283.582106 236.906891 295.319109 214.434853 313.911123 202.446022 334.072638 279.404144 317.491894 233.652382 340.251188 214.090824 365.787277 200.878048 393.865499 291.969490 343.892555 251.781368 374.348660 234.194469 407.051411 224.439716 437.341003 314.657211 364.113550 295.628223 401.232290 290.204201 429.913616 288.675690 455.671978
379.988976 281.625738 375.072517 255.069923 352.788429 243.225117 328.740768 240.648623 296.464558 243.732176 277.370586 283.826294 236.052933 295.640659 212.432613 312.089024 197.241058 330.924969 277.293053 317.829981 233.552208 340.314932 213.345413 364.362202 197.588425 391.243000 290.032711 344.509678 250.595074 375.079565 231.457996 407.637177 219.276810 437.781601 312.990246 364.350300 294.888229 401.664419 288.813763 430.822105 286.095123 457.060776
375.552063 281.576900 370.452652 253.218384 347.545357 240.881681 323.811226 238.311539 290.500469 239.978657 271.737328 281.890411 230.452442 293.750496 206.713142 310.682144 192.335968 330.139074 272.321968 315.729475 228.329926 336.921186 208.286800 360.923367 193.831749 388.041916 285.480328 342.535286 245.808468 371.923513 226.596622 403.615379 215.333309 432.750149 308.581982 362.810411 290.800095 398.708210 284.527779 427.159538 282.004299 453.008308
370.576668 289.267731 381.251259 274.488859 369.423218 268.864975 355.436363 265.270071 335.078964 267.185526 287.720146 273.700562 247.338467 275.016174 226.888847 290.698328 215.071449 311.798458 276.772690 303.852510 226.927376 318.497543 203.115196 343.829813 186.242523 372.963696 278.536701 329.600887 232.909527 351.769180 212.737846 383.079042 199.602203 412.390280 290.942822 349.926453 268.678818 378.869991 259.723663 406.500607 254.226742 431.553297
376.511765 287.136469 396.161690 286.680708 395.703735 288.349428 389.490891 296.600161 383.237000 309.649000 311.813488 267.167215 272.073841 272.779541 253.247051 294.822092 241.738110 322.749424 290.948219 291.654568 236.549168 304.448462 211.779022 332.185335 195.997124 363.583374 282.291813 314.411888 235.856667 333.699818 213.428612 362.582159 199.262447 391.324854 284.804344 335.768595 255.638485 358.554840 240.567207 384.543285 230.356255 409.648275
355.055923 276.320915 389.348717 296.676664 405.571213 320.277014 406.389771 345.744381 401.071815 373.313055 336.225967 285.534754 295.355167 306.700916 273.936386 336.797533 259.723225 370.238457 301.899548 289.071493 248.929787 312.036238 223.341179 351.240463 210.228004 388.590746 279.897175 298.562765 235.865612 321.372786 213.123474 355.829458 203.623714 386.105461 268.388691 311.742640 234.409790 334.686127 216.599464 357.936430 206.632195 378.620453
358.204956 275.365448 389.473686 300.504284 404.681625 327.989359 400.255814 355.401049 393.444061 385.266237 329.834175 292.047529 289.755630 322.457714 270.123367 358.043919 258.218937 391.538229 296.807556 290.083723 240.217724 317.420082 218.527718 364.418392 210.339508 403.835049 274.570255 296.692028 224.762993 322.896223 203.245449 363.676872 195.544033 396.421280 261.819572 308.905392 222.216606 331.629381 198.262291 357.117205 182.015915 381.116982
356.506729 269.288292 386.643524 297.045078 399.369659 328.110952 393.344765 358.133240 384.007797 390.634632 329.791260 286.737471 287.523918 318.327398 265.571442 355.035238 251.115723 389.628353 295.227127 283.508234 239.723701 312.148190 215.287552 356.333113 202.209778 394.310961 271.173916 289.460993 221.854115 316.707687 194.997482 354.875393 182.190018 385.717449 257.407761 300.840397 216.948242 323.393984 190.422211 346.223316 171.527119 368.733444
355.797539 264.623137 383.680267 296.415367 395.148163 332.597809 387.362366 367.166405 376.629372 402.691269 332.750893 287.377338 292.708797 320.231466 267.292290 357.068653 247.347984 391.199913 297.315636 281.218042 240.379715 310.531311 210.740929 353.379536 192.380943 389.420958 272.297745 283.663988 220.455971 307.744446 189.064789 344.218712 171.842175 373.188515 258.507919 291.394472 218.107948 311.013508 191.858177 331.570988 174.206238 351.872978
357.764320 266.282730 386.913605 298.105745 397.960281 335.001783 388.864212 367.336178 378.153687 401.100912 335.504684 287.039423 291.668243 321.202955 265.705853 358.612204 247.125664 392.698860 300.057392 277.030048 239.604168 306.551313 209.831963 351.889343 193.789406 389.362020 275.329628 278.209906 220.353661 304.007149 188.527565 344.414234 172.977409 375.295744 260.590801 286.502008 217.897396 307.283821 189.526672 330.761747 171.011581 353.355846
352.123566 267.347946 383.633537 298.139420 396.833038 334.047918 389.851227 366.155605 378.818588 399.615669 336.806564 287.164192 294.641609 319.119473 268.750324 355.387001 249.868431 389.985781 299.780273 280.863733 241.138248 309.331942 212.655449 352.815313 196.610184 389.928503 272.898235 283.866549 221.462116 309.906178 192.266006 347.526255 178.381348 376.981602 257.389679 293.262091 216.771984 313.123283 191.008110 333.753805 173.937340 353.792324
358.873863 262.268057 389.076767 296.581450 398.989372 336.434298 389.761505 370.896177 378.624077 406.204290 341.269569 288.210125 298.600597 322.874508 270.397053 359.289379 251.228466 391.371031 304.804268 277.151985 249.054108 320.051222 225.645599 372.331839 218.645992 411.953545 278.398323 277.100945 228.815498 315.177727 210.139809 364.499645 208.587074 400.278139 263.210411 284.790030 221.827717 312.867680 203.611221 345.134325 198.795586 371.870384
357.778969 270.088491 391.895180 305.043983 401.892776 344.735813 391.157570 376.326170 370.710144 410.354090 342.791405 293.838959 299.618702 330.940704 271.897564 367.724419 254.513416 400.463963 304.733353 282.702198 252.087231 328.552780 229.304085 379.990482 221.856174 419.457121 277.182579 282.926130 230.870457 323.628445 210.384979 372.918005 207.266102 408.277130 261.411171 289.881477 223.992691 319.850979 206.651344 350.634041 201.028442 377.021370
358.035583 270.053787 394.769211 305.426960 401.171761 347.002716 383.242874 376.419411 347.632065 393.649521 346.329498 294.164429 303.121548 329.738045 275.650692 365.083065 256.111202 396.967993 306.093044 283.620787 252.236004 328.183422 227.088699 377.923193 214.045601 417.935371 276.913109 285.179129 229.874935 325.945530 205.818615 372.624121 198.757133 407.432213 261.270027 294.323645 222.374134 323.671932 201.128883 352.117023 191.156158 377.302237
361.554756 267.180862 393.445625 303.127842 397.757645 345.107317 377.987785 376.233215 341.993599 388.381147 345.892906 297.033777 306.375256 333.420696 279.056320 369.262991 258.032036 401.086979 306.942654 286.902323 254.013367 330.662498 227.508469 378.742561 212.271023 418.631401 278.227997 288.503609 230.110149 327.761164 203.045368 373.375854 193.045521 408.398151 263.104439 297.456923 222.950134 327.648640 199.578743 355.671501 186.748486 381.294336
361.737061 264.987316 392.857323 301.643887 399.401512 346.089821 378.644485 376.370344 344.638977 386.603251 347.572784 295.670729 306.765194 331.969442 280.556850 367.211323 261.101685 398.277454 308.502865 284.928217 253.578072 330.222473 227.366123 376.698847 211.782131 414.668140 280.098705 285.783863 228.994331 326.252317 202.743015 369.894791 191.876984 403.654575 264.913788 294.128838 223.269329 325.769176 199.272156 352.686024 185.419579 377.278719
365.076828 265.413008 395.995827 303.175364 402.642059 347.663040 381.738358 378.421955 346.937027 387.406969 352.146225 294.052391 313.591003 330.011902 287.371559 366.925793 267.093163 399.060602 312.873592 283.309336 258.866272 327.495031 232.261009 374.884501 215.746574 412.729969 283.765583 284.923697 233.991814 323.979149 206.292973 368.479958 193.552017 402.035751 267.674866 294.351969 227.002087 324.836569 202.748222 352.075109 188.244419 376.588154
369.504547 265.170422 400.516205 303.911762 407.238693 349.138556 385.861015 380.597906 350.721893 391.703539 357.497978 296.284590 318.481750 333.426762 293.123226 371.262589 272.685261 404.555712 318.374863 285.768242 264.610634 330.329762 238.428669 378.293839 221.263199 416.190033 289.676628 287.173462 239.806957 326.805553 211.812477 371.792564 198.044090 405.300093 274.202843 296.056395 232.115517 325.086708 206.848335 352.742643 191.053810 377.945938
372.754936 267.408342 398.204651 306.954031 404.618416 353.440533 382.829514 384.050331 349.565811 390.604534 355.728989 298.089380 320.955238 339.025469 304.956589 380.502491 296.749725 414.156361 317.987900 286.944094 264.811134 329.990101 238.029900 379.369211 222.542553 417.461157 290.497684 288.645430 236.160049 325.353327 206.919556 371.031647 192.820148 405.490723 275.117798 298.413048 230.615349 329.457693 203.934002 356.853733 187.874565 381.734676
378.106728 265.998917 400.085869 307.696953 405.885353 353.442993 388.215103 381.926622 353.252068 386.141968 352.343941 298.429155 315.235329 336.059246 320.730286 368.187962 333.841019 381.543732 315.976925 285.298090 258.807716 328.994322 237.830296 380.332947 225.822220 417.187700 290.664787 287.208424 235.767784 323.866653 208.676090 369.294548 197.258034 399.966230 277.079315 297.769089 232.464581 328.696232 207.821426 354.049473 193.306427 376.283169
379.236984 269.370546 402.737694 309.842978 408.495636 356.413708 389.676590 384.146376 353.855896 388.209343 357.394371 300.048981 316.287975 332.813816 320.092010 362.193003 332.566719 372.538347 319.600296 283.414135 259.072189 326.062460 237.663803 378.211355 226.075783 413.380365 292.646332 283.151493 233.697929 320.912590 206.061745 367.454395 193.644524 398.047056 277.668324 292.500000 229.323273 325.351954 203.844948 350.487013 187.781487 371.263618
379.484406 264.323416 401.709557 304.664412 407.213669 350.773802 392.258453 380.077629 358.683739 386.478395 349.423904 301.853685 311.623173 341.901855 320.375137 369.369793 336.495514 379.058533 314.243774 285.766182 258.503628 330.527143 237.949562 378.616934 226.160660 413.311129 289.059143 283.824806 233.977966 323.636427 205.609417 367.012339 192.457886 398.258228 275.107517 290.628176 226.548729 322.551613 201.079521 347.701578 184.574451 369.976559
378.246536 264.748650 399.873543 306.711960 405.317268 352.143116 389.452515 381.354132 356.503105 387.054319 349.825439 301.206179 312.391262 343.606224 320.655136 370.413151 336.655807 378.955278 313.819981 285.090094 258.133144 330.161333 236.035271 377.970028 223.037567 413.753300 288.464928 283.494673 233.457718 323.681288 204.314194 367.014856 190.067863 398.092318 274.812241 291.824570 227.223873 323.201180 200.477772 346.465158 182.380447 367.933760
384.533577 266.186113 405.521049 306.788864 408.098488 353.566446 392.096786 385.405655 359.260674 389.935112 356.997452 300.008183 311.582851 340.577917 323.886871 367.255096 338.278046 374.010830 322.910233 282.999115 267.781944 336.407032 251.981087 391.117401 240.046978 426.678429 299.298115 280.986471 239.135571 312.100039 205.182934 350.342846 184.210930 374.509706 286.256771 288.858976 234.970665 309.287825 204.678726 327.331724 181.694717 342.327003
382.204361 259.969082 407.491035 302.128601 409.906006 351.998177 390.421753 382.726049 356.862793 388.205452 362.184753 296.552124 325.331154 329.291010 329.221115 356.534300 334.846878 370.714846 326.448898 280.865479 280.880833 338.952799 270.825768 395.301762 268.648453 430.101299 299.270802 280.307064 245.257664 324.502745 221.054459 371.384554 210.875473 401.650314 282.835350 287.213116 231.806374 306.231194 201.027298 321.725121 177.357578 332.618093
389.535332 250.319366 415.505219 293.972740 416.810303 343.969574 395.742569 375.373535 362.196846 380.801325 368.785858 281.510525 335.757828 302.928371 330.083809 328.277979 323.547173 349.321289 335.029221 264.860258 293.901329 322.142658 288.032055 378.242025 292.365189 415.216770 308.587818 264.744158 252.742043 308.530798 225.677929 355.661659 213.936768 389.411802 290.362244 272.806892 233.943787 287.427893 198.063908 302.049437 171.584511 314.734440
393.024178 243.235188 419.846458 285.288992 420.925446 333.436975 399.962311 362.040253 363.746452 365.727425 364.346046 274.502592 331.416473 287.753649 321.691208 313.535786 306.618195 337.699213 329.187088 257.378712 282.945843 306.605444 281.487637 362.958355 288.187885 399.449158 303.312321 256.989040 240.516834 283.698349 209.162960 319.433384 193.197250 342.970591 288.771763 265.456409 233.810616 277.903118 197.272797 290.505695 170.432949 298.241587
422.883797 229.576993 412.146111 281.096935 399.352951 315.939531 388.456268 337.064123 362.285271 335.818520 307.454166 246.411324 243.826408 247.677269 210.482883 275.552530 185.637436 302.092867 319.743958 232.915907 285.737209 277.409534 290.205021 336.571712 300.216370 373.296061 344.866791 233.547134 321.051865 280.856266 319.209232 322.773657 319.194794 345.160446 374.795113 248.969021 370.798111 294.915876 371.462288 325.751839 368.424606 340.303946
419.277153 233.713145 421.619072 276.282263 419.178772 305.534935 408.379440 321.848087 383.356819 322.946548 331.374207 237.389746 267.711220 235.788932 226.927948 246.494493 193.093605 258.243542 319.558144 220.457010 256.223869 229.919314 220.628357 266.287680 195.396290 295.986099 322.639046 217.882719 283.097267 256.249037 273.866348 308.547621 268.838806 341.714973 334.840088 227.549243 317.155552 268.897762 320.694733 302.296057 325.032845 320.425014
413.890991 212.814546 446.128006 250.946016 449.663239 284.336443 437.384796 302.458820 404.825745 312.297421 395.784683 207.471614 375.962296 219.164343 371.897469 249.123287 362.339554 274.190598 353.936272 197.915068 299.737740 215.611596 262.960815 252.322311 233.905411 280.496693 324.767418 203.649416 271.038113 222.399931 237.136803 258.115225 218.736687 285.440540 307.292023 218.089056 260.129433 227.551060 227.632198 237.655792 203.329430 244.538012
456.940269 216.477041 446.902237 256.348801 435.264206 283.514957 425.680466 297.030687 401.300011 301.532536 338.047752 222.387700 277.811794 220.175328 238.588676 226.313496 207.513161 237.735701 338.491783 201.012497 283.589344 213.198538 253.661919 247.092619 230.351448 275.106411 355.363655 191.635895 340.179939 226.969285 363.160439 269.217596 380.921364 291.463165 382.306557 194.941134 388.696556 237.001963 407.299194 266.827555 420.050812 278.295908
418.466835 206.225195 447.829742 243.244514 452.887764 275.268946 437.785835 291.804028 404.508705 298.806753 393.671684 206.423607 376.274071 227.118387 382.614632 256.976910 383.193817 278.300142 353.069115 193.071055 301.762810 212.534537 267.639275 247.829247 244.532986 277.763786 323.632622 193.277593 275.891895 215.206332 250.337143 252.798271 239.585571 284.211445 304.506855 204.820104 257.517757 212.451038 223.632412 221.203079 196.625519 228.540602
436.558266 207.732410 453.010178 240.248537 454.612236 270.999928 438.234978 289.856014 407.881203 300.199471 383.057365 214.037962 365.483551 232.757678 375.018806 260.348082 378.178291 282.207212 344.733200 203.335905 306.162262 235.978003 305.849400 281.289225 313.994522 316.188641 316.757431 202.016401 273.661556 233.950281 263.260632 276.265612 261.056805 310.756416 298.510399 207.612820 250.623283 215.038819 219.683495 226.947284 192.157898 238.085504
436.626167 213.618422 453.124657 250.203466 452.362213 277.053337 431.091156 293.288698 401.852074 300.452271 382.662849 209.528975 356.866035 228.040981 366.108475 261.395645 371.732788 286.956367 344.577751 199.496870 313.381023 236.235466 323.614845 283.947973 339.239006 312.726059 316.858597 198.630767 282.570229 232.989664 290.098782 277.852793 304.504948 307.473621 299.097061 204.656467 249.884205 208.378687 216.538754 217.346148 188.646698 224.105859
429.373169 208.224950 448.042145 241.588869 450.293541 267.635021 432.770309 285.828781 404.254150 296.957703 374.333038 202.482305 358.650284 224.848266 374.130669 262.410421 383.093719 282.744055 337.038574 194.934111 313.143997 231.566920 331.110497 282.645321 344.740944 302.968168 313.785019 197.967582 283.032494 228.984332 298.234711 275.897026 313.506584 297.402477 299.733963 208.732424 254.711189 208.032060 222.748604 221.242762 193.763809 225.134468
440.004501 206.862760 454.898682 240.298948 449.971962 270.115385 429.389839 288.576021 403.074303 294.814224 375.889130 199.123120 356.019135 225.607481 369.897270 261.380997 380.238495 280.679054 338.941803 194.221172 307.941799 231.274223 325.589256 281.848841 344.359360 304.052010 316.576691 199.092536 282.894173 231.867743 298.125591 275.634012 314.525337 294.956703 304.304810 210.524011 257.226734 208.630328 224.607811 218.647685 196.345215 220.430503
432.393112 207.096362 453.753204 240.442715 452.569008 270.475874 431.048508 288.579397 400.780792 296.328621 383.144417 197.322965 365.455208 220.252590 376.402321 257.365551 383.467445 282.444506 344.095764 191.189547 317.409935 227.432113 334.608803 278.840218 351.586418 302.839737 318.487625 194.450712 286.989937 228.146453 304.660301 273.138628 322.640572 294.075851 302.884903 205.477509 255.428162 203.824553 222.126503 212.193875 193.318901 212.665758
441.188622 200.525694 463.190346 237.580233 459.805222 269.943953 439.412994 290.526066 407.866859 301.500206 384.676208 201.741600 364.920120 225.339775 375.058861 261.062965 382.964058 283.701324 346.678696 194.741521 315.299759 237.293000 332.548943 286.060066 350.544167 308.490801 324.537659 197.473483 290.171585 236.580677 307.360687 280.390892 324.818192 301.297503 313.159046 206.857610 264.867516 203.121514 229.009342 209.123125 196.425400 209.528704
438.498878 206.720352 459.149857 240.352879 460.883331 273.157082 441.343575 292.046986 410.216522 298.606768 384.841042 208.374639 364.503860 231.090589 379.354248 269.025164 390.411873 291.960926 348.342094 199.826560 320.461121 237.761250 342.968712 286.769714 360.416412 307.520113 325.484848 200.483179 293.188171 235.088196 316.484337 277.669201 337.026749 296.284332 312.225075 208.159804 264.203205 208.031559 233.325863 217.851620 205.368576 220.875435
430.872498 203.134089 456.119003 235.639586 462.742538 267.775669 446.510620 288.607664 415.549850 297.119665 391.633339 200.062881 367.131310 230.345535 373.445091 263.645039 380.319519 289.407377 350.317307 191.897349 321.623611 241.773748 340.375404 286.246805 360.017624 304.600525 322.860909 194.585238 291.077576 237.923741 312.640743 280.975399 335.786438 299.195194 305.353527 204.484892 266.355476 221.470900 268.313904 252.366285 279.396324 270.182133
437.455635 196.967125 461.372757 232.297869 467.354202 265.356245 446.872749 288.525324 416.536674 298.074131 391.449318 192.417355 363.517685 232.337294 377.598877 273.189640 392.303810 295.161266 346.928711 187.216287 318.433113 241.908731 344.485512 289.389925 366.861954 300.556726 318.333473 194.393864 290.559731 240.427351 315.263977 284.180202 339.059372 295.815296 300.099583 207.879324 272.794228 238.089595 284.586353 268.105030 299.613190 274.592800
430.040245 196.848950 456.438446 230.869989 467.643738 263.217573 451.844330 287.064228 420.583878 297.020016 392.405472 194.341450 377.101173 227.675285 393.877792 268.113813 403.617401 284.619083 348.957787 192.313528 325.573120 238.193293 355.995293 287.856131 378.118095 294.842577 320.451698 201.545076 298.200283 242.237234 327.454224 288.189383 351.834717 295.933285 301.619759 215.145636 282.732620 250.999002 300.677090 285.203476 319.758072 290.280962
419.755859 200.839748 452.243538 231.485195 465.542717 266.211462 449.326668 289.070778 417.225113 298.093901 398.213997 196.250839 379.286041 227.501421 387.176476 265.611649 394.071617 287.124424 352.741661 194.577270 328.035736 239.600887 351.450729 285.407724 373.288345 295.473289 321.225128 203.970823 297.958450 244.261065 325.697212 285.433073 351.056442 293.456211 300.456734 216.885266 282.255783 252.648869 301.547394 282.170706 323.146515 286.081839
425.349846 202.045727 453.911476 235.451846 462.406883 269.754581 443.545990 292.128325 411.488380 300.847635 393.876648 196.268120 371.706200 228.495884 379.819832 267.652330 387.823448 290.985088 351.071472 192.700825 322.862778 243.885899 348.136215 289.316769 370.003242 298.064146 321.792755 200.552444 294.281445 246.279745 323.347626 286.902151 348.783226 293.643894 302.505989 212.886629 277.043800 248.633509 296.840611 278.600979 318.923512 282.686634
426.985435 199.496970 454.645386 235.473976 464.419403 271.164265 445.760460 294.177475 413.941803 301.424589 392.235680 200.278387 364.969215 237.389874 377.511978 274.126568 389.728966 291.171141 349.427605 195.068922 317.893848 246.130972 347.337303 290.767250 370.399361 298.430157 321.059074 201.602039 292.090931 246.751356 320.977936 287.880993 345.187454 295.762711 302.768135 213.798766 276.610413 247.421465 293.775711 277.403069 312.491932 282.506475
426.760559 201.774158 455.788956 235.509195 466.697655 272.323036 448.094063 295.388317 414.997482 303.038807 398.345490 202.853951 375.737877 232.857156 382.893562 268.973351 389.862213 289.656229 353.649063 199.757438 326.518669 246.673937 349.922523 289.761200 371.416588 298.483343 323.061981 207.489552 296.425133 249.670801 322.705688 288.501263 346.728287 295.685005 303.036575 220.009775 277.655792 251.697550 292.183342 278.863707 311.133251 282.786827
429.148560 205.477953 458.767052 240.478220 466.551628 277.548037 449.172058 299.858379 417.644043 306.358337 395.022240 210.080924 379.316559 244.353333 387.277412 274.368353 391.033859 290.821152 354.785614 204.002423 332.744751 258.954964 357.666550 297.576370 374.586678 303.555908 329.180260 207.768359 301.533928 261.072693 329.397812 292.655754 351.424370 295.935287 313.024654 217.902589 269.729729 241.490793 248.928261 270.324640 233.057861 285.539360
434.347649 208.596725 460.010567 245.414429 464.954643 280.942097 446.849442 302.240753 416.797485 308.634653 386.523628 218.632464 367.668457 254.371920 382.486115 282.496920 392.388306 297.619457 350.970078 210.953336 327.785950 265.638113 359.730682 298.319864 379.561768 304.584818 328.767509 214.213929 303.047028 266.668539 336.041832 294.439516 358.735809 298.571234 315.472641 226.872911 270.185280 247.246542 243.462677 264.633608 215.804901 270.389814
432.341270 210.097103 460.647621 246.427803 466.580734 283.190718 448.634605 306.214600 417.259941 312.441301 393.247299 219.111242 376.252136 255.396595 384.147949 281.971836 388.416405 299.707861 354.426994 214.139299 329.234123 268.981190 361.293144 301.399899 381.651497 308.987646 329.968071 218.365073 302.816162 270.744095 336.661987 297.465820 361.309166 301.316128 315.757084 231.391139 271.027946 249.005499 242.461815 263.920097 213.471432 268.223019
431.324768 210.048923 462.373009 248.061390 468.331070 288.106527 448.350143 312.399788 415.312576 316.976223 396.424904 220.448771 374.661026 257.877531 379.009705 284.783649 381.670189 303.250437 356.318398 215.897355 327.924042 277.777519 357.331123 309.805784 376.853256 315.519361 331.154060 220.173798 301.545792 277.218533 332.964134 303.436661 356.322403 305.518827 316.401291 232.540455 272.527809 252.470140 243.973846 268.293428 215.644283 272.377510
431.891174 213.739929 462.870636 253.812132 468.801422 293.403368 449.348907 315.167112 418.366051 316.081810 396.514053 225.213389 376.800194 259.886026 382.587433 286.287289 384.186668 303.882208 357.455673 221.613421 328.871536 280.149736 360.448151 311.284418 380.510063 316.383963 332.601852 226.030526 303.088093 279.854050 335.525436 306.011438 358.895302 308.807201 318.142281 237.928333 274.157314 255.300608 245.615349 268.946457 216.548119 272.118530
431.807785 209.555483 464.448013 250.078411 472.442932 290.910587 455.492554 313.338633 423.210220 321.086168 412.555580 215.454597 392.067184 239.861584 387.668076 263.639059 375.832558 282.115374 369.534721 208.052530 342.746506 259.402056 358.725739 302.517414 375.957184 319.959955 340.678368 214.933834 304.980240 267.056665 307.623024 319.837103 317.040653 349.800682 322.456055 230.730772 274.450264 247.009335 245.394516 261.736078 223.633003 268.075304
448.193169 203.791966 471.965981 242.413101 472.223206 281.581621 459.597473 304.133892 433.881531 316.964636 404.588127 216.767778 386.911850 254.187069 394.013062 285.063114 390.404625 303.655529 367.319679 207.936287 344.412537 262.130728 367.332954 294.513273 383.076286 303.988981 339.154739 212.908301 291.439953 259.113665 265.711784 294.352627 246.828690 316.151333 320.824661 226.413002 270.437374 244.017878 234.244499 253.551264 203.300934 259.408436
454.273605 200.625973 479.441681 243.986979 476.470222 283.416967 457.893791 302.862654 429.169998 316.504955 408.447647 216.765375 396.616402 248.684006 405.641785 276.870975 404.010582 294.302673 371.299553 207.303171 354.428215 261.183987 375.794411 294.867411 389.794731 301.698847 343.203583 211.721864 301.786346 259.751930 287.172737 300.455503 278.680401 319.857416 325.505371 225.781360 273.144836 241.932964 235.272293 255.481911 204.986858 260.784903
446.648407 209.932952 474.110031 251.566544 477.290039 290.447588 458.863792 308.555632 427.164230 320.373087 418.131943 219.049015 405.468864 241.985750 403.948097 271.308117 393.765717 294.397545 377.560349 211.002345 352.343636 261.142073 367.739449 295.488224 379.860611 305.631866 347.287445 217.421751 300.827332 263.096981 274.619179 302.840366 255.200882 325.096807 326.449890 231.841807 275.636215 245.968580 240.459938 257.649508 212.170029 264.303331
454.958115 207.061129 476.227913 251.813049 473.378525 290.201654 459.347534 308.216629 434.156761 320.393572 406.103477 225.755310 393.302612 254.278107 405.169754 282.445135 404.582214 300.395193 371.200027 215.248218 351.391296 265.372238 374.487991 294.160767 390.610352 299.969244 344.267578 218.977060 297.052727 261.890345 266.578293 297.804565 242.829094 318.783216 326.305504 231.219749 275.345154 244.084511 239.291878 252.553253 208.707848 257.114811
445.055466 208.278651 479.012527 250.424681 487.032852 299.272785 470.021782 325.907822 436.397934 339.980078 419.713364 236.949091 402.882690 267.582664 395.508881 298.118477 385.644569 318.818693 377.159424 230.461407 360.770912 282.017412 376.734924 308.631735 389.702759 312.415552 349.640694 234.251776 308.467865 278.923559 281.793041 314.274673 260.900307 333.607864 331.900291 243.156309 284.911957 260.170784 252.297440 268.769617 224.222927 271.790113
437.062340 232.809663 465.481224 264.935875 480.657883 310.671988 466.348572 339.219160 430.361938 346.297531 423.517265 256.003847 402.930145 267.827110 392.114830 299.377985 380.161781 325.508852 377.323570 246.825743 358.643837 285.082798 366.542130 316.070337 374.961014 324.805727 346.911545 248.717279 307.344265 285.585423 278.988647 326.345615 257.419548 348.710947 327.594070 256.069107 282.684250 271.139688 250.778999 279.375801 225.556564 282.102242
435.425377 219.746132 466.654739 272.645416 474.942436 321.312933 457.697372 341.948318 426.754494 348.118086 424.013176 257.668533 394.929657 280.386343 380.773354 300.512581 362.034492 320.588036 385.843506 240.728874 350.049095 278.574257 336.185646 326.717463 329.708214 362.881880 354.482231 241.474171 313.439102 272.999096 288.417377 317.485085 276.919975 350.296326 331.770363 252.110281 287.851582 270.561361 260.484524 286.039181 243.156281 296.838112
426.107025 229.255643 453.060036 269.591360 465.125580 312.939262 453.940544 340.007772 423.916512 346.192904 415.780334 258.369942 391.370239 277.781897 383.212852 302.072754 370.862770 323.786087 374.386864 245.693607 339.861984 280.679426 311.821251 324.770536 289.199848 356.513042 343.398438 246.946077 292.791309 258.810139 246.886711 281.183424 213.523560 294.215126 320.167389 255.868177 273.185406 261.959352 237.441006 267.277908 208.692169 271.373148
427.408943 231.999021 454.346161 271.582346 467.738304 314.432087 453.118629 336.443052 421.468277 340.492229 414.375229 260.340300 389.494247 267.488165 385.663643 288.829136 378.401375 307.797289 373.749161 244.197149 339.693909 259.084368 311.452217 288.673210 285.569305 307.990808 345.281754 243.259449 300.572433 255.328388 260.932083 275.031481 231.167088 284.660168 325.182152 250.603924 281.013908 258.017464 247.715282 263.437443 220.489693 268.902569
423.431435 223.633718 452.486038 264.867039 463.474274 308.937378 448.814697 329.124269 417.453499 337.972441 410.493469 253.173923 389.044991 271.092768 390.554123 293.396015 385.847397 310.420132 370.589638 239.434633 333.574791 261.222868 306.416817 289.257860 278.430996 307.631521 341.750946 240.241671 293.479824 251.749592 252.209301 269.680910 221.711941 278.463192 321.685600 249.292431 280.121613 258.631411 248.866901 265.861759 223.207817 271.566467
423.172379 223.760920 452.038956 264.658384 462.859116 308.830204 448.328514 331.832199 418.147774 336.811953 414.341888 256.089249 391.481094 270.498476 393.980560 300.121994 394.778099 324.030161 371.550102 240.185623 342.320824 252.748003 314.960556 283.498220 292.565346 303.399897 341.206017 241.193390 299.535599 246.187620 256.544342 267.175856 225.799809 279.093933 318.227501 249.664421 280.838203 256.655531 248.355389 264.600935 221.557560 273.443985
415.648041 232.790236 448.911438 267.350407 459.674072 310.043650 443.314667 333.446817 411.567726 339.951496 410.714340 252.218084 381.283493 273.391943 365.359497 302.178898 347.038727 329.499378 367.995567 238.245335 333.351669 257.894754 304.912148 282.060528 276.184292 298.633347 336.002579 239.406838 295.528488 254.092655 258.640385 270.991230 230.180359 280.054979 313.768578 247.097540 273.685188 257.658291 242.581329 262.542801 217.999153 268.188744
426.067963 226.046991 460.439873 267.642488 468.503799 312.153482 454.704437 333.185263 426.624832 344.498634 421.113739 256.993961 393.359833 275.640593 380.257568 294.488726 361.799622 311.984310 380.177879 243.865070 339.636459 270.044889 312.523117 290.497198 282.529488 303.656330 345.621147 240.971975 299.828491 263.963528 262.178917 282.033720 232.794914 292.608862 321.192665 245.185289 278.069725 259.139271 247.077904 266.098309 221.525879 268.826323
427.317924 222.099781 461.981277 262.150326 469.717865 309.043722 450.784874 334.144421 420.222473 343.194437 423.785477 252.468281 398.947449 266.415167 383.873405 281.643419 363.644829 299.713783 381.030083 237.811146 347.006836 257.396450 321.242065 279.640188 293.669071 297.820272 347.235718 236.623907 306.655140 254.649611 271.063328 276.048632 241.580048 290.062380 323.344536 244.167423 281.226234 256.741533 250.159149 265.432949 222.083817 273.238163
425.594711 225.425105 462.347755 264.341269 471.236954 309.863834 453.624763 333.581114 421.236038 344.656563 421.466217 253.343868 398.418503 267.853317 385.143661 284.090023 366.182976 302.873211 378.754959 241.351519 345.524292 262.436571 321.336250 283.465548 294.466438 299.733896 345.052757 242.077475 301.915207 259.027977 264.491882 276.383314 234.304256 286.557741 322.479019 249.568977 280.765800 258.859406 247.830143 264.325762 219.589272 269.284916
430.016479 223.723269 465.137329 260.427704 476.174965 307.476854 458.719482 333.700762 427.654877 343.878593 426.707039 250.337563 404.367447 264.604053 391.011925 282.616940 372.081223 300.989799 383.188095 239.279752 351.227684 260.750656 328.167801 283.405466 303.145027 298.941593 350.118027 239.941592 308.347816 259.325294 274.073982 279.012966 245.613251 291.060362 328.734283 246.301289 286.486931 259.038963 255.055313 266.023922 227.967434 271.672812
426.771278 222.368288 460.961685 258.423328 474.113808 301.436720 465.294228 331.202230 454.627304 359.939804 420.818710 251.474075 400.995827 267.618771 388.543510 285.297947 371.019058 303.964148 380.263100 241.445131 347.854729 261.092091 324.080200 282.173424 298.631706 298.007727 348.663559 241.355524 307.898216 263.190765 275.607491 279.569035 247.161064 288.945236 328.023262 247.135448 285.320053 259.168139 254.374428 264.820633 226.329155 268.573408
424.064026 224.725184 451.105461 257.783432 465.655670 296.162167 475.235710 328.027382 495.050812 349.815960 414.495811 252.873459 396.360550 268.234205 384.687500 283.358660 368.655510 299.936829 375.697784 241.944466 343.118553 261.031752 320.008202 279.784012 294.627399 295.528049 345.859413 240.634146 304.756241 262.664537 272.977276 276.839104 244.075718 285.517273 326.784706 247.099028 282.929649 259.038048 253.203773 265.323658 226.291676 269.456320
403.135376 240.548944 439.131241 260.661535 465.235023 282.517691 486.081009 299.743767 503.358498 314.397240 402.165947 248.938980 383.330231 254.348459 367.836685 264.650431 348.696747 280.610933 364.150581 250.478897 332.941971 261.967993 310.620842 275.635643 286.694565 289.298401 334.869576 257.786407 298.731880 271.812143 270.774803 287.470808 244.741707 299.886761 315.254211 268.139734 278.906536 278.503332 251.651936 288.667202 225.666809 294.752626
388.778839 262.957134 418.483124 265.344429 440.832062 274.151173 467.761841 283.951006 494.257317 293.719969 386.177177 262.342958 367.777367 259.036617 349.938774 262.377748 327.714157 270.291080 350.964622 269.060125 319.585781 273.061867 293.312340 280.132227 264.035740 288.830624 323.452492 277.527351 285.302486 285.418940 254.709435 294.607458 226.027794 302.629852 304.223671 285.888119 270.519142 293.289413 245.531883 298.403463 222.111912 301.688690
383.538628 274.147768 415.052338 270.392389 441.873817 273.905468 471.634979 280.130997 499.727478 284.652243 387.016182 258.012772 370.430222 249.111586 352.087860 249.981422 329.761467 255.623360 350.442810 270.186653 318.159714 269.490452 291.091003 274.975863 262.585144 282.177916 322.860146 282.705374 284.310150 284.608755 253.885956 291.811209 225.247669 299.199829 305.156651 291.958580 273.275337 297.129936 249.673691 301.728487 227.980652 305.968380
410.134964 281.406326 442.839279 277.731600 458.704071 269.688835 476.301880 261.091061 497.623138 262.490301 396.948471 250.675335 369.787521 241.864529 345.580139 247.140713 318.604221 258.397865 363.451271 269.154596 316.910934 268.486404 286.434841 277.395430 256.337852 290.443926 340.611267 287.941189 297.711258 290.206947 264.959793 302.355337 235.926857 317.325554 330.082169 304.597092 294.253426 313.455248 269.124527 325.249014 246.760445 339.079514
408.409271 268.491268 449.176407 257.805548 460.332146 244.822140 470.633392 232.381639 476.136703 224.720621 385.485497 245.466671 353.000526 240.458136 324.853630 242.566566 294.711723 248.550367 356.296425 270.572662 307.338467 277.051163 277.768936 289.752531 244.045105 304.849291 338.735313 293.454580 294.462738 304.516869 263.754520 321.317568 238.806057 340.505219 333.766594 312.812033 295.894775 328.041887 275.773849 344.035492 260.553055 362.534237
416.021729 255.360203 452.323875 236.271772 456.338730 224.137816 458.191071 215.118856 452.185936 209.334598 375.123177 240.503826 342.114525 237.966557 315.099411 242.801456 284.809074 253.123169 351.886978 269.082756 303.292599 282.926130 273.549042 299.546013 238.379822 318.902664 340.033913 293.938494 296.833954 311.598558 265.880394 333.236704 241.294212 353.530684 338.973656 314.413576 305.464230 336.758709 285.522079 355.226955 270.025787 372.390146
421.017113 259.467115 453.705406 239.318089 453.160629 227.440281 448.253441 212.636604 443.336868 194.687219 372.587509 241.782331 337.561188 242.040768 308.793297 247.520685 278.126907 257.100592 351.400757 272.205334 303.725929 291.346951 275.854759 310.216198 243.475742 331.758213 343.165741 297.820930 299.597816 320.844727 270.677986 346.886759 246.354580 369.916964 345.940895 317.385921 314.363861 344.193935 297.052879 366.788464 284.115734 387.124157
419.736176 259.541130 452.246475 237.505589 452.076683 225.694857 449.327850 211.740332 443.052406 195.368586 373.349228 242.390156 338.833466 244.592915 310.610752 250.987329 280.065536 261.933575 352.249832 272.426805 305.068760 292.979765 277.215900 313.485489 244.117413 336.536980 344.031830 298.807983 301.327095 321.943130 272.539978 347.783432 249.062805 370.012665 346.728020 319.424915 316.101093 347.219324 297.803879 370.059185 284.035339 388.759861
421.904144 262.058029 452.378273 242.205019 452.420197 228.463354 448.329010 212.666388 440.898552 195.200758 373.663940 244.848604 337.884903 249.483347 309.123955 255.470524 278.434410 263.833065 351.919708 273.169928 304.992867 294.113903 275.647583 312.857237 243.203163 334.948425 344.744034 297.087994 298.688183 318.529444 272.097816 343.260756 250.521297 366.522303 349.002495 314.602833 334.071274 341.856995 342.983742 367.756319 354.936180 391.196709
426.567955 261.575317 455.953865 242.685843 456.845512 229.161530 454.638863 214.406762 446.924667 197.137556 376.401901 245.929642 341.040497 251.828785 314.515934 257.875128 284.913197 266.497879 355.458641 273.973331 308.188972 296.388817 281.253738 315.240040 252.253532 336.800137 347.950706 297.028513 303.134022 320.464268 275.651970 345.192089 254.428463 366.806946 351.456833 314.719934 338.197975 340.266180 357.938995 359.468107 381.188202 373.471155
429.992828 262.376547 457.831154 243.751745 460.046043 228.404217 458.463631 213.232470 453.320465 196.781230 378.568420 246.119928 344.856949 249.776630 319.908199 256.460209 290.824966 265.589333 357.289772 272.878704 311.268768 293.936405 285.816307 311.665678 258.079777 330.930090 349.870834 294.699955 305.124264 319.369755 278.885956 344.487963 257.626019 364.947052 353.830833 311.914616 340.363274 337.338610 363.866196 352.253008 390.947762 360.010242
427.231216 264.254522 455.834427 247.218390 458.710747 232.462606 459.089203 215.436659 456.017456 197.505770 377.568817 248.839731 343.429413 253.586912 317.985382 259.266329 289.537067 267.164240 356.326828 275.302591 310.311470 299.073029 284.509964 318.780184 257.051353 339.491072 349.238586 297.223320 304.061737 321.489401 277.689972 345.395164 256.652813 364.724207 353.155327 313.929920 341.029396 339.407072 364.284401 353.655224 389.464760 361.285400
431.138229 262.282820 459.809456 245.739841 461.538696 231.764646 462.387009 216.439676 459.870949 201.114707 379.606056 247.981710 345.475388 254.744568 320.384827 262.272320 291.813164 271.485071 359.111977 274.831009 313.044739 299.817524 286.696186 322.201681 258.441696 346.172218 352.710495 296.426325 308.753395 324.734516 283.490334 351.451950 262.736855 372.454920 357.603798 312.991590 345.319672 340.934372 370.196724 352.898140 396.806717 357.293358
423.872414 268.314257 454.392090 250.698481 461.288338 234.949551 463.438568 219.083347 463.605118 198.757195 383.721657 248.095579 349.296989 250.425224 323.639221 256.575451 295.896912 265.867996 362.125969 278.000765 316.139412 293.978720 285.133553 314.138489 254.617691 338.725719 355.987968 302.678261 328.340302 335.689859 344.277306 365.061579 362.377434 389.193449 360.091324 320.167923 344.036102 354.804497 354.453163 381.033897 367.803497 402.509995
417.708168 272.182045 453.966217 252.698565 464.264565 235.998945 469.392929 219.442263 467.424202 202.022381 388.793945 246.841936 353.937378 247.616043 327.058601 252.535515 297.963142 259.994659 366.247025 277.412367 318.487396 297.687578 286.879196 316.138229 255.217228 335.866156 360.961304 302.876415 338.371658 336.429863 368.426323 358.054390 397.862663 372.237225 365.112457 320.617418 357.210426 350.474710 380.783882 365.742645 404.830017 375.996723
419.020233 272.105312 453.524170 254.599829 463.571167 239.379759 468.474960 221.557360 466.583633 200.709200 384.730644 244.706411 351.341972 247.955017 326.081619 253.492584 297.999535 262.156763 362.913589 275.495682 318.100243 294.254236 287.465591 312.270355 255.043983 331.440325 357.383728 301.220970 336.249313 333.502293 370.126152 349.802284 401.342545 358.199501 361.037102 318.022470 349.253044 344.041615 371.535568 356.808243 394.256325 363.906784
421.581802 275.936394 455.353394 255.589914 465.844650 238.816037 470.140991 221.818743 469.484596 200.370512 385.813866 246.356335 351.411667 249.902601 327.255020 254.755182 301.021881 263.019190 364.434052 277.871475 318.810978 294.865780 290.653229 313.325214 262.309608 333.313437 360.335579 304.118986 338.782654 336.401424 372.662048 348.924408 403.080521 353.941555 366.130981 321.424713 356.403770 346.044273 380.205574 356.810818 403.196411 360.891209
426.806030 277.982655 457.515259 256.379957 468.387947 238.018141 472.918816 222.037554 473.756180 201.103148 388.191452 248.722715 353.290977 249.130669 328.622360 254.026423 303.731785 262.649059 368.652344 278.293619 325.497055 298.810616 314.881096 328.089981 309.241295 357.047825 363.795242 302.536297 337.246780 327.749119 363.895416 343.748932 392.987785 353.676138 368.650932 319.307098 356.567383 344.107218 380.471954 353.605213 407.662315 355.283604
421.583405 284.520521 450.698471 262.569866 462.955475 242.450895 469.180489 226.395235 471.528091 204.477682 387.016068 253.463831 352.736664 248.624382 328.004990 252.698708 304.748383 260.913763 372.551613 281.172895 341.122856 305.000496 359.206963 332.789841 380.519638 354.327850 368.348579 305.464439 348.195076 332.485685 373.287354 355.810204 401.853065 370.444450 370.990562 322.744646 354.394455 341.418886 373.419914 359.768057 398.163185 373.773479
423.042603 289.857273 452.567406 267.056866 462.957993 244.838133 469.115334 227.861838 470.184097 207.408028 388.098030 252.774525 348.206711 248.519382 322.883606 254.598312 300.499878 262.174559 371.740913 280.663233 342.138634 314.495401 377.935448 336.453896 409.916000 341.541195 366.007500 304.264183 346.384125 334.703951 379.785881 349.912777 411.685295 349.659805 366.062317 319.779825 350.379448 341.220360 371.816483 352.066298 395.979004 351.789637
417.435036 295.861645 449.955826 272.623358 463.983078 248.480644 469.212799 230.878501 471.161957 205.563784 389.676781 254.397297 348.944969 250.113945 324.935532 257.747612 303.398647 265.871000 370.895004 281.512728 350.521164 314.996166 387.426186 336.415358 415.891342 340.011234 363.960571 305.425587 347.705078 338.017874 385.787697 349.941730 417.687683 345.572605 364.853287 321.911716 351.198845 344.938087 374.765739 354.903460 398.570976 351.839161
417.229576 298.468237 448.523140 274.785376 461.505890 249.741983 468.219070 229.318357 473.171043 206.473088 388.562775 257.081022 350.019035 253.534985 327.163239 261.390324 305.868225 269.673214 369.059067 283.519735 348.896103 319.216318 388.421783 339.314518 417.960396 342.062473 361.564598 306.729527 346.831741 341.785126 387.002029 351.610651 417.547035 344.797497 361.894836 323.664637 354.209099 347.864342 381.139107 357.169046 404.840736 352.212038
417.045135 297.266006 449.398689 273.310776 462.029381 249.492989 468.692398 229.249048 474.337463 205.803909 389.716415 256.119747 354.766846 254.561920 338.189468 268.994122 324.647675 285.325212 370.002365 283.503256 350.446548 317.994175 389.138184 336.313763 417.417488 338.691959 361.636848 307.351370 349.844666 342.683029 389.099045 350.169668 417.462921 341.447067 360.788803 324.463005 353.106117 350.308056 381.543808 358.915157 405.177269 353.163328
422.277451 286.411028 453.109818 261.952629 463.854942 237.118063 463.005981 216.450949 461.104774 189.941196 384.209023 238.197026 379.438820 276.448002 394.145699 305.023842 407.178383 323.220806 357.897720 260.343304 360.709038 307.996473 390.612793 326.383009 408.637695 328.391132 346.409111 283.680153 348.392677 331.247692 381.599426 342.093573 402.344093 336.644211 344.765968 306.323748 346.784973 341.496162 373.561020 348.605433 392.859383 341.634579
431.651688 294.491043 461.240654 266.013908 465.876045 234.792938 461.210518 207.685332 453.278122 174.314318 386.165314 235.871959 389.714775 279.823923 420.420837 315.313511 443.586578 339.000378 360.329399 258.743906 360.579338 309.905434 400.400276 329.087677 424.271545 329.123583 348.540192 282.094774 348.466454 326.811218 385.785294 338.931112 408.375778 334.219351 346.525650 304.321117 347.822876 337.614670 380.045090 346.252356 402.246742 342.187500
426.894646 299.598885 456.079369 266.323128 461.451530 230.423427 457.021523 199.992599 448.476601 165.195751 382.866478 237.034421 386.612968 276.959181 421.236343 303.633871 445.363464 319.194603 356.976395 260.236502 359.955559 305.626316 398.989258 324.061089 421.950607 325.755787 345.450668 284.095573 344.348564 323.736305 381.913681 335.650864 405.420952 331.428652 342.646942 307.330341 343.899231 337.903118 376.605034 344.699821 399.717827 339.238243
424.327621 303.018322 455.222130 267.261314 459.357567 227.121906 452.603912 197.474170 444.406853 162.473602 381.870499 242.068920 374.739799 276.325893 409.639931 290.305939 426.139030 287.512779 355.642014 265.225782 356.998520 303.937654 399.443092 317.822742 416.931915 311.540337 344.408646 288.623772 342.787552 323.392696 384.246521 334.371815 403.350029 324.314318 340.588875 310.829830 340.530434 341.065578 375.113449 347.631369 395.738564 337.788506
417.137718 278.165760 440.007553 256.223488 456.381149 226.288733 462.914925 220.898380 455.474625 227.078247 380.072975 237.359290 376.334991 271.452456 411.145744 285.299921 425.359573 276.444197 357.699509 263.565502 354.883194 299.542208 399.362831 314.417953 418.278465 304.377308 347.102318 287.634201 340.147629 322.068472 385.211639 333.999395 406.617622 320.130501 344.350967 308.949738 342.972183 340.807228 377.233086 348.277130 397.684898 336.156149
437.404861 270.428753 458.934517 250.369291 465.219765 230.766993 472.626419 222.526617 472.756042 219.013381 388.923264 232.605257 374.156380 258.696699 402.916336 284.945784 426.108665 295.215368 364.954338 259.703493 352.249413 293.890972 396.697197 317.404976 424.729080 316.058922 355.458336 284.767971 344.224854 317.771301 388.803368 334.598150 417.584190 328.449526 356.968155 304.633255 356.358757 333.403873 388.714104 345.395136 411.414871 338.592567
-1.000000 -1.000000 -1.000000 -1.000000 -1.000000 -1.000000 -1.000000 -1.000000 -1.000000 -1.000000 -1.000000 -1.000000 -1.000000 -1.000000 -1.000000 -1.000000 -1.000000 -1.000000 -1.000000 -1.000000 -1.000000 -1.000000 -1.000000 -1.000000 -1.000000 -1.000000 -1.000000 -1.000000 -1.000000 -1.000000 -1.000000 -1.000000 -1.000000 -1.000000 -1.000000 -1.000000 -1.000000 -1.000000 -1.000000 -1.000000 -1.000000 -1.000000
-1.000000 -1.000000 -1.000000 -1.000000 -1.000000 -1.000000 -1.000000 -1.000000 -1.000000 -1.000000 -1.000000 -1.000000 -1.000000 -1.000000 -1.000000 -1.000000 -1.000000 -1.000000 -1.000000 -1.000000 -1.000000 -1.000000 -1.000000 -1.000000 -1.000000 -1.000000 -1.000000 -1.000000 -1.000000 -1.000000 -1.000000 -1.000000 -1.000000 -1.000000 -1.000000 -1.000000 -1.000000 -1.000000 -1.000000 -1.000000 -1.000000 -1.000000
-1.000000 -1.000000 -1.000000 -1.000000 -1.000000 -1.000000 -1.000000 -1.000000 -1.000000 -1.000000 -1.000000 -1.000000 -1.000000 -1.000000 -1.000000 -1.000000 -1.000000 -1.000000 -1.000000 -1.000000 -1.000000 -1.000000 -1.000000 -1.000000 -1.000000 -1.000000 -1.000000 -1.000000 -1.000000 -1.000000 -1.000000 -1.000000 -1.000000 -1.000000 -1.000000 -1.000000 -1.000000 -1.000000 -1.000000 -1.000000 -1.000000 -1.000000
-1.000000 -1.000000 -1.000000 -1.000000 -1.000000 -1.000000 -1.000000 -1.000000 -1.000000 -1.000000 -1.000000 -1.000000 -1.000000 -1.000000 -1.000000 -1.000000 -1.000000 -1.000000 -1.000000 -1.000000 -1.000000 -1.000000 -1.000000 -1.000000 -1.000000 -1.000000 -1.000000 -1.000000 -1.000000 -1.000000 -1.000000 -1.000000 -1.000000 -1.000000 -1.000000 -1.000000 -1.000000 -1.000000 -1.000000 -1.000000 -1.000000 -1.000000
