472.590408 326.349993 388.857727 341.042862 316.241665 348.373775 255.992241 356.699123 194.890366 367.152615 292.240829 278.978090 229.432716 285.858421 194.452190 301.477547 173.524017 320.725107 313.739643 291.472034 255.014019 300.179129 219.463711 324.688339 199.940529 347.046633 333.466415 310.135174 284.844818 319.858103 254.615383 337.844925 240.484734 359.087448 350.464439 329.837666 315.546684 339.293976 293.299999 352.484322 278.000164 366.856384
469.346237 327.968616 383.912811 342.808542 308.142834 347.963791 249.620190 355.401192 191.294212 365.981855 284.722729 276.845512 222.620239 284.478178 186.992340 300.150375 164.759789 319.178724 307.400379 290.081835 250.081272 297.260685 215.665512 320.545177 195.230293 343.295975 326.803513 308.753300 281.598282 320.068073 249.928932 336.040077 231.524200 357.340879 344.182777 327.162123 309.371357 337.239561 286.251564 350.245342 268.365059 365.041094
469.560928 324.449902 381.753616 341.067581 304.025707 345.080309 246.518974 351.861706 188.967457 363.310089 282.768021 273.989954 221.291847 281.439486 186.724091 297.452202 164.559860 315.885744 306.630497 286.679649 250.301247 296.863861 215.587120 322.275524 194.780769 345.971603 327.661934 305.579739 283.320198 321.011782 254.246101 339.153013 237.905731 360.953007 345.674248 323.389950 312.508564 337.040777 292.755985 352.462006 277.838421 368.403454
466.069183 318.111048 378.444366 334.445858 302.846165 337.261448 245.304871 343.102970 187.590752 353.896551 281.250267 267.933626 219.749069 275.388737 184.905548 290.756922 162.384186 308.821507 304.963207 280.269442 247.796135 290.465670 212.498760 315.850039 190.622444 339.187403 325.686340 298.261013 279.387054 312.756443 250.454750 331.074829 233.280506 352.527494 343.147011 315.977983 309.318466 330.087204 290.226288 345.120878 275.788441 360.478535
467.554817 318.361502 383.393631 332.427692 306.556854 337.029076 248.757725 345.200214 190.802193 358.300838 281.997871 267.984381 219.766197 275.148468 184.588337 290.078373 161.633949 308.081818 303.614979 281.860285 246.402130 290.883608 211.653061 314.365311 190.692787 336.776390 323.214035 301.592216 278.162899 314.693327 248.592949 330.536671 232.118816 351.079388 340.771332 320.757980 307.893372 331.864471 287.616882 345.062170 273.028793 359.517288
464.201508 319.858274 379.211426 334.513550 302.697430 339.836140 243.933525 348.470078 185.518150 362.411900 278.566418 268.072157 215.472145 275.762730 179.977570 292.180595 157.362337 312.016582 300.309315 282.296762 242.290630 291.495953 207.995262 316.199570 187.014923 340.009604 319.526749 302.245703 273.830643 314.676332 243.187180 331.124640 225.340538 352.658587 337.083473 321.816187 302.742195 332.152634 280.614834 345.632973 264.405499 360.719948
462.739067 320.149841 377.416840 335.907068 299.674740 342.592363 239.591846 352.315779 180.620308 367.313032 275.617561 266.921425 210.725594 274.563189 174.958572 291.773100 152.411909 312.628269 296.605816 280.225611 237.778606 290.259275 203.286858 316.333580 183.096409 341.918163 315.516777 299.369402 270.120888 312.996569 238.983879 330.612745 220.970688 353.657856 333.320274 318.249664 298.832302 328.728619 276.429024 343.057909 260.600643 359.466906
463.758469 322.249746 377.524681 340.416727 299.757462 346.044731 238.870697 355.542068 178.934422 372.661800 273.827038 270.951977 209.009781 278.594341 173.103638 294.056768 150.248995 312.932911 296.269588 282.083530 237.450180 289.573088 202.847748 313.710022 181.382370 337.422066 315.876408 300.421486 269.981041 312.376499 239.185963 328.504944 221.716919 350.595217 333.721008 319.498844 298.447094 328.151321 274.590855 341.162624 257.621040 356.820946
464.882736 317.511864 377.987709 339.281216 298.768654 345.527802 239.112053 354.346132 179.126472 369.230661 272.156410 268.814621 208.247643 276.716137 173.280258 291.865826 150.538712 310.248842 295.769272 279.206429 236.930275 287.923079 202.929573 312.370434 182.630501 335.995188 316.580772 296.523256 270.696487 310.288696 241.506805 327.191992 225.024719 349.103451 335.275497 314.081697 300.023556 324.273520 278.775749 338.261518 263.453426 354.278870
460.595474 320.986347 372.908478 339.998589 294.811115 345.245676 233.998814 354.315405 173.635788 367.089014 270.177670 267.123613 205.130081 273.734179 169.515762 290.044756 147.914724 310.571365 293.287411 278.365545 233.192463 283.716803 198.673439 307.252350 178.716850 331.651497 313.166885 296.405582 266.093464 305.481234 234.377728 321.241493 216.544952 343.708048 331.280746 315.117617 295.118446 322.763958 271.545715 335.050049 254.523315 350.131960
462.181015 332.397881 366.351700 334.872751 286.254559 329.046335 225.580864 331.289120 164.917412 344.446821 270.714951 276.458445 207.503891 280.490913 170.209694 293.747921 146.664019 312.669668 294.582558 296.877880 236.312294 300.822916 197.934456 321.232309 170.550499 342.472973 315.704670 320.324192 265.667400 327.704601 234.402313 342.999773 213.888779 363.083239 333.224068 343.400087 299.148636 354.540138 278.216114 369.656525 262.081108 386.817284
457.438278 345.095673 362.144623 338.244324 286.012249 323.534603 223.254948 319.808321 162.105789 327.707577 265.648632 282.808027 207.571106 291.383715 173.317795 307.540884 155.947199 326.724043 289.260559 311.073990 232.199135 317.441626 198.106537 339.467239 177.888756 360.595808 310.696106 340.809774 262.513943 353.600149 231.629505 375.491209 213.414001 399.544573 329.681435 370.069284 294.970169 382.066154 271.183891 398.646984 253.525696 418.810844
456.342545 344.239941 356.902084 300.727987 288.015156 275.322590 230.408630 269.505444 171.522484 270.869150 281.549911 281.198931 223.816948 276.159496 187.208023 280.890398 160.420036 289.829292 299.492760 316.759157 245.061359 321.277943 205.965118 335.730429 179.252186 347.461796 315.684013 353.739624 266.222992 366.532059 232.897644 381.843023 209.493561 397.284908 329.450607 392.310390 298.014584 416.596899 271.397724 439.324522 249.925003 459.988203
455.182571 341.687593 362.601852 280.979633 292.575340 253.086090 236.357651 244.800453 176.773796 237.759390 280.999241 280.962324 222.177181 278.512459 184.781303 283.466377 159.204578 290.801525 295.387344 319.054699 240.559902 326.172209 201.424332 338.627815 175.137138 348.069048 310.371265 357.083473 258.585262 371.632519 225.256042 383.052750 200.503654 394.990253 325.345802 397.134333 290.235367 421.214905 260.889168 439.806175 235.401611 457.998848
454.017906 331.208582 373.003616 261.728554 301.655064 232.912130 247.813988 220.027514 192.272224 219.650974 284.659157 280.433035 229.850426 278.496666 195.295448 281.040030 172.994461 287.043171 289.646034 323.462191 236.555462 334.215775 198.643456 343.236637 171.570587 351.110630 301.429844 364.305954 248.633347 380.623827 213.697815 388.360090 186.642799 396.077871 319.221249 404.643974 278.979397 433.191347 249.610043 453.494167 225.194244 470.849590
440.835915 332.497673 368.319321 256.377354 302.904453 224.770718 250.804920 214.477930 198.220024 212.646646 288.430157 282.490711 233.110352 281.308165 197.521801 283.539734 171.711864 288.225231 290.432949 327.027369 235.525398 335.708256 196.981163 342.005081 166.928368 346.287775 298.539753 368.534889 246.130314 385.531797 209.128304 393.211727 179.436512 398.832922 313.493862 409.507256 271.557560 436.533222 239.158802 456.626616 211.770191 472.016773
426.123161 323.842163 368.685608 247.550755 312.535324 216.568995 262.567902 205.028114 216.094627 207.091384 291.754189 287.525597 240.739861 287.222328 206.417999 286.713352 181.662712 288.631067 288.218956 331.182461 234.452248 339.366932 197.367477 344.713125 165.782051 346.332865 291.346397 370.813494 238.184681 388.514614 198.801308 395.270090 166.664867 399.325905 303.221569 411.208763 256.261826 441.846685 220.177212 460.943584 189.547424 474.084778
431.592979 326.378546 370.352211 247.673664 314.917412 214.970284 265.582027 202.398033 220.193062 205.670829 292.564316 286.125669 242.915993 287.383661 210.900574 286.735153 186.948967 287.530718 290.255508 330.380630 240.143356 339.550667 204.037724 343.252544 173.379402 342.922325 293.147526 370.110025 241.527576 385.888166 203.115654 391.621284 172.712784 394.401999 302.574615 411.488686 257.262039 437.586536 222.661877 456.877785 194.220314 469.965935
423.771248 323.814211 368.273201 249.172611 316.104355 217.685323 267.944450 205.075879 226.591377 207.070055 294.402866 289.326611 245.156765 290.457430 212.846069 288.814945 188.298855 288.094482 289.492474 332.547626 237.193375 340.521469 201.253090 343.387470 169.144688 341.138763 291.100388 372.077465 239.029522 386.495304 198.628216 392.826319 165.438881 395.762901 301.370716 412.183485 254.231434 438.856974 218.728275 456.559010 188.130722 468.466444
425.137405 331.590528 366.744957 252.977629 314.796696 218.034296 265.713711 205.962210 220.750084 209.486475 293.561897 291.134090 243.286705 292.835054 210.237427 290.780153 185.040684 291.429033 289.729691 335.519629 236.682129 343.385983 199.136810 346.167412 167.073383 345.039740 290.322723 376.070595 237.709808 389.802446 197.088776 395.257187 163.160820 397.924118 298.168221 417.270298 250.832901 442.422523 216.358948 459.709339 186.736031 471.190538
422.911377 328.700323 367.482567 252.332239 314.922009 219.518223 266.427765 208.563738 225.517426 211.081166 291.528454 293.866196 242.545013 295.309124 210.635376 293.191280 185.249634 292.546549 285.290146 338.215885 232.656040 346.198797 196.219940 348.494368 164.424744 345.767498 285.990372 377.961502 233.578987 391.893883 193.459911 397.586432 158.848505 399.592180 296.108360 417.368488 246.759338 442.826872 211.341534 459.161625 179.610691 468.990612
422.643242 321.323719 364.930687 242.660580 315.949764 213.600054 270.914001 202.148952 227.273140 206.326389 292.277794 290.244484 242.595787 292.463293 208.543987 290.560455 182.281685 289.916039 286.387596 334.093809 232.287979 343.400459 193.933659 344.316044 161.791496 339.406471 285.213966 374.133739 229.392090 388.679066 186.098557 392.009125 150.538034 391.581230 290.388775 412.553959 239.727211 438.254042 201.781769 452.864399 167.992706 460.596113
419.067535 316.581345 363.366852 239.318748 316.084194 209.625835 271.176281 198.447618 227.418709 202.293391 290.341625 288.236618 242.088509 290.091362 208.501930 287.754393 182.180939 286.797380 284.264812 331.144981 231.536942 339.678125 194.139767 340.666981 161.371994 334.914522 282.425575 371.444664 227.951622 385.146389 185.646114 388.667421 149.698801 387.928276 288.038063 410.723991 236.921635 436.877861 198.576736 452.793016 164.605751 462.032232
420.969734 317.575979 365.393295 241.919575 318.710651 212.739429 274.520187 199.416876 234.233112 203.083220 292.246246 292.277613 244.412003 292.370195 211.917629 288.675499 186.738091 286.443214 285.186787 334.805603 232.852859 341.870012 194.839764 342.030230 162.963715 335.935621 282.273064 374.135914 227.952290 387.290440 186.521034 389.793463 152.591286 388.164539 286.194687 412.276897 234.952946 436.152248 197.065163 450.398226 163.985176 457.630892
424.325676 318.055115 370.891685 245.140858 321.129379 214.810467 275.845203 201.482306 237.433815 204.513788 292.678471 293.485222 245.581551 292.889986 214.158096 288.817663 189.846153 286.187038 285.966759 334.254398 235.273685 340.848799 199.189720 341.402321 168.583870 336.583300 284.268398 372.277222 232.269993 385.521927 192.397900 388.591003 159.874105 387.659597 289.767170 410.195274 240.783024 433.196468 204.018059 448.081627 171.718578 456.298599
438.226128 327.955971 374.748650 249.672289 313.321037 209.401932 259.982529 193.422203 208.185825 194.829426 290.101910 268.985882 237.313614 266.195498 204.220695 266.625195 180.869102 268.897419 289.639206 312.087107 237.355232 318.984489 200.252266 323.480930 171.772079 326.405382 294.069824 353.870430 241.771336 366.989393 205.527687 370.710840 178.453655 372.832890 303.014851 397.139626 260.626526 419.490795 227.661762 435.891666 200.462990 447.859669
440.197296 332.048149 353.173637 272.754049 287.021351 235.011892 231.844788 222.113042 171.915359 211.809053 277.296791 248.527966 219.690533 240.146742 183.091736 240.492954 153.139782 245.505695 289.296875 286.282654 233.546333 287.461338 191.553516 295.709496 161.914234 302.147141 301.776867 325.788689 248.014202 331.837864 212.829781 342.780390 184.619675 353.604755 315.377922 366.085596 279.271049 382.224998 249.725494 398.796673 222.410583 414.883175
435.014687 330.538473 340.779457 308.859529 268.430920 283.216209 209.153595 268.874617 143.515730 270.220470 256.778431 260.549755 203.483028 263.587074 166.477547 275.896454 141.852922 291.378937 276.708565 293.424854 223.148499 297.483845 183.056164 313.034964 154.989424 328.181734 296.014576 326.064348 245.672855 334.459419 212.687874 347.045059 186.538849 364.315252 310.153484 360.863972 279.130096 374.225922 254.797611 388.296261 232.578278 405.133896
439.266052 337.868671 344.185638 326.594353 269.036255 308.881588 208.966217 302.332220 146.836042 310.821505 252.843304 267.264948 195.713520 271.793518 156.990023 286.942291 136.195345 306.292477 275.486526 296.918163 220.717087 301.347542 181.995811 318.506956 155.742607 338.119068 295.967884 328.595467 248.161488 336.585703 214.667873 350.703163 192.384109 368.604298 313.403416 361.850595 281.396122 372.759705 257.811928 384.050159 239.244080 398.033352
445.133324 333.134136 354.855042 329.311180 278.594818 317.622900 213.804741 312.392235 149.563484 320.630808 258.687954 266.997957 192.391891 270.069466 152.825842 287.314796 132.243452 308.216372 279.415951 292.658873 217.051582 297.175598 178.503914 320.284710 156.098185 343.484316 298.153973 320.217276 245.480537 327.789030 214.983597 347.630482 196.960220 368.900385 314.478111 346.905499 279.170055 356.382723 258.826981 370.658970 244.920158 385.430374
441.862259 332.467890 355.947037 337.577248 275.989513 338.451176 214.134026 346.558170 153.750944 360.834045 254.501686 268.638668 188.668823 273.435602 151.491508 288.603630 127.047729 308.920956 274.274502 287.116928 214.179516 297.468538 178.273010 323.616600 158.867388 350.095167 292.929268 310.378704 244.942799 325.667982 218.630505 345.938587 205.720596 368.954029 309.417267 332.400141 274.929314 347.220583 255.997105 364.143620 244.192028 380.424986
445.960121 330.983477 356.479454 336.202555 277.298069 334.233770 214.366188 338.685493 151.299686 352.734118 257.135277 266.799774 191.520004 270.491295 153.598967 284.698391 129.255028 304.292622 279.194870 283.769360 219.540577 291.941814 181.599579 316.578197 157.815475 340.374756 298.263550 306.159267 249.439640 318.409996 219.515343 337.746592 202.088623 360.434418 314.552307 327.972622 280.378418 341.853762 260.140152 358.252602 246.097965 374.975138
441.791687 329.802475 354.768677 335.120716 273.866310 334.690619 211.100159 341.157017 149.759827 355.163870 252.549076 265.246210 186.702003 269.976454 148.720169 284.021502 123.423042 302.927856 273.540955 283.443489 213.497944 295.777931 176.986198 323.515778 157.130957 350.587721 292.778606 306.060534 244.457626 322.776489 218.187447 345.010042 205.110855 368.362312 309.505787 327.166586 274.580746 343.359947 256.157475 362.071753 245.210876 379.399967
439.246140 329.084644 352.202988 337.297955 272.156258 338.801193 210.065384 346.743364 150.860052 363.128586 248.101921 266.191864 183.291206 269.595394 145.268412 279.947462 118.699093 295.909796 269.913712 283.081398 210.458870 294.722214 176.736240 322.412510 159.847517 349.151716 290.077248 305.377407 243.226395 322.115107 219.632511 344.289379 209.592991 367.180138 307.387829 326.574011 273.756924 343.148661 256.721439 361.575994 246.923428 377.975149
439.438858 329.655161 356.277618 344.037294 275.591793 347.591085 214.269848 359.240656 159.482040 381.489172 247.554283 267.648010 181.573315 270.796852 144.672985 283.075047 116.360340 299.901409 268.565598 283.062344 207.909660 303.777237 175.529747 340.725460 163.338165 375.757771 288.146935 305.468130 237.117786 326.545086 212.667732 357.068710 203.298378 388.186283 304.384823 325.852318 268.871059 344.497490 250.825176 368.079100 240.798988 390.233746
435.260201 330.440483 355.541573 350.902376 281.542206 353.661232 228.888645 366.421366 188.051910 379.202528 243.089314 271.544323 179.996033 273.607349 144.227552 285.449924 116.302662 297.742338 263.486652 286.967525 204.405766 295.407829 166.555138 319.746065 145.215864 341.510811 282.875443 308.033581 230.853100 326.192436 208.608894 355.409918 197.645721 381.345921 298.209877 327.455778 262.380810 348.392715 247.787838 370.638313 239.692955 390.413332
433.424377 334.261694 356.960754 355.598917 285.632038 360.601902 234.662666 374.060154 201.966515 387.551651 242.178421 274.247990 177.456245 275.387306 140.106106 286.093254 109.906731 298.228312 261.829090 289.705381 201.369743 302.368641 163.119469 329.527617 142.865562 352.619562 280.061245 310.206671 227.281818 328.068666 202.236938 354.161110 189.587975 376.517916 293.462162 331.230555 256.568947 352.591238 241.981945 372.532454 234.612617 388.859367
434.063301 335.253897 353.441010 352.317438 280.816422 356.698608 229.929848 372.095060 202.377014 383.420076 237.889652 272.506027 174.571228 272.090893 137.499685 281.472988 107.872066 291.963816 258.519993 290.064697 200.891685 303.223085 161.869278 328.645763 140.479259 349.527397 277.725544 312.152567 225.350590 333.696899 205.285473 359.377241 195.743256 378.212614 291.910362 332.736826 253.582802 359.704313 244.101810 377.082396 242.176609 388.652401
432.725677 330.716515 348.485146 350.093822 274.035320 354.009733 223.377457 367.463694 198.053780 378.689861 233.446770 269.615593 169.563637 268.242188 132.151146 276.451321 102.430763 286.109991 255.115376 286.238136 196.090813 299.726830 156.824837 325.246067 135.898333 346.067247 274.768257 307.987862 221.428604 332.616806 205.932312 359.107447 200.921783 377.056646 288.338528 327.823162 248.788013 357.147703 242.221012 374.894199 242.992344 385.138521
431.359711 329.268494 346.457253 349.027433 270.886669 353.052635 219.035645 367.698727 192.849216 379.447632 229.227848 266.176014 163.372498 265.252476 125.396194 274.914980 95.196381 286.337843 252.082806 282.482185 191.945724 296.595669 152.301016 323.189163 132.043419 345.014133 272.386570 304.278688 218.816853 328.768730 200.297165 356.652632 193.997574 376.858435 286.561203 324.521828 247.181931 353.239918 238.314648 372.744341 237.648182 385.618773
434.261551 333.020210 346.740837 353.619604 268.571892 356.730680 212.993622 367.675695 185.748100 376.520834 233.914967 266.981936 166.834564 270.811443 135.218868 300.372791 123.480072 332.187138 255.936146 282.641888 193.698616 295.057669 163.533840 324.256411 152.754326 352.099886 273.816280 304.503021 222.177620 325.922441 196.744232 344.689064 185.687923 364.278345 289.508896 325.429659 250.712223 344.438295 232.737637 359.520836 223.539505 373.341694
435.438614 330.405064 341.325912 351.144161 262.733669 354.811363 209.073372 363.981113 189.027061 372.466879 233.653946 261.746836 173.200150 269.298849 154.654846 305.426674 153.354034 342.407513 255.744267 276.585846 200.700645 294.597473 179.273796 326.985455 174.479179 356.509380 275.333652 297.756758 226.651535 324.353199 208.915787 347.571459 201.658363 367.924232 292.005806 317.309847 254.947491 340.284491 242.220783 356.246996 236.391048 368.912573
434.043083 329.295158 341.262016 348.122921 265.554008 352.933445 211.708317 362.751446 186.135139 369.715204 237.157536 262.248631 175.772152 272.969484 157.243280 309.149723 156.897383 343.514214 257.812691 278.003483 202.055931 295.654650 180.408745 325.814724 175.087910 351.447258 276.421661 299.162121 227.010803 323.873806 208.728561 346.584406 202.120056 365.782185 292.273865 318.374891 254.958496 339.951239 241.329861 354.885979 235.483246 366.551113
432.106094 331.000471 341.864243 347.993202 267.285538 353.145905 213.809700 363.504553 186.287575 373.262215 237.444992 263.647184 176.096363 277.152901 156.604786 312.249184 155.494938 345.014763 259.060955 279.813223 202.940578 300.259953 184.570446 331.969986 182.235947 357.545872 277.705040 301.358671 228.732967 326.272860 212.744923 350.223141 208.486519 369.354944 293.430195 320.238791 256.629601 342.205610 243.990593 357.621088 239.498138 368.972597
429.856796 330.561419 339.712296 349.018335 265.094242 354.310770 212.152176 363.877401 186.360703 372.045908 235.224781 264.581280 173.783569 278.041134 156.490202 313.372622 157.556515 345.402260 257.666378 279.105120 201.981697 301.131735 185.517445 333.879519 185.854740 358.774967 277.052498 299.530821 228.328876 326.004295 214.179764 351.128912 212.178192 369.554901 293.228893 317.038765 256.810265 339.939766 245.907364 356.478882 243.186340 368.069143
431.952248 330.903597 341.442184 347.975092 264.248276 350.808334 210.662918 360.429153 182.081642 368.795156 240.656490 257.978783 173.042831 280.102444 150.999384 323.942699 145.679665 362.524796 261.690578 272.719688 202.420521 297.293472 180.265827 334.731331 175.456009 366.626902 279.950409 294.723244 228.224831 324.043121 215.870399 352.690916 212.851105 373.396854 294.669075 312.570076 256.722012 338.307152 246.375771 357.026682 242.983761 371.340265
430.910263 327.691269 336.045761 347.045946 256.306438 347.689047 200.642204 355.928249 170.562363 369.105520 238.437233 250.370865 172.461929 272.504368 158.925085 318.613672 162.683487 355.611906 261.041851 264.239416 202.463379 299.520121 194.298592 347.314854 204.507008 381.513491 282.257710 285.684614 230.010719 318.077259 225.381584 355.090799 234.020348 378.975248 298.466492 302.501993 262.184696 330.919704 257.626762 355.944958 260.577278 370.930824
432.382965 310.620232 339.116745 324.615641 260.319996 321.466169 201.285915 330.920506 162.612076 356.179590 240.658703 233.801966 174.925919 251.871557 163.592033 297.882013 168.791924 335.021639 261.136417 250.763340 200.741177 276.226273 184.399567 323.876839 187.608185 363.032341 280.107117 274.215145 227.271461 297.391005 209.389038 333.967781 207.177849 364.075842 295.560856 294.273748 256.632023 312.919607 241.268234 336.350784 234.500370 355.196686
429.780350 293.747320 331.472282 301.425962 253.295155 294.983482 196.630306 305.996990 158.972845 336.015759 240.271301 214.473925 175.744095 226.534452 167.249737 268.546085 174.949532 302.069921 261.734295 232.886553 202.024403 251.852789 186.090126 296.101913 189.363327 331.851311 281.103725 256.925011 230.074768 275.907898 210.859699 308.401108 207.655983 335.229778 296.862106 277.702188 257.808838 292.548265 241.803398 314.462614 234.938602 332.966280
431.360054 260.241137 344.985619 257.988567 270.095387 246.730499 211.105766 255.499821 179.867992 282.905159 251.863041 177.327933 183.908634 186.824427 173.694687 228.389697 181.699409 262.461519 266.550579 202.761011 204.011002 218.021822 188.534298 262.846069 190.293236 300.243702 279.303226 231.112132 225.041771 244.850693 206.900730 279.977932 205.094223 309.831190 291.268272 254.028139 248.467255 265.543270 232.609844 284.447365 227.218933 300.607224
439.684105 240.210514 351.161346 234.366632 277.128620 219.996786 223.059921 225.334368 194.465485 250.005312 260.366726 156.899858 193.224907 164.963307 184.893684 208.080068 194.263020 240.584965 277.363567 180.907674 214.996853 197.761760 196.902637 238.421416 201.093864 271.089449 290.334778 207.609301 234.558887 222.872458 216.079025 254.326773 214.903793 279.089241 299.822044 230.021982 255.957260 243.424301 241.529255 261.059275 237.559452 272.786379
436.987038 217.750211 359.285431 212.285986 290.904007 198.431253 235.097847 202.077427 203.376827 223.373337 266.566334 131.389246 196.188335 138.424301 190.508652 185.735836 206.475620 216.388950 274.933662 151.425476 210.505447 171.733189 203.442459 219.020762 207.819061 240.858850 281.445999 175.974212 222.236652 198.977280 217.547722 238.449655 231.128235 256.226006 286.875458 201.595559 233.480797 218.290186 227.660503 242.604876 238.598614 255.376911
444.968300 204.189262 360.538254 193.910508 289.096718 178.689780 232.310867 175.271287 195.076370 189.398832 267.698689 115.836217 199.348869 120.907116 187.805519 162.445965 200.403309 192.232332 284.874115 141.377192 220.185623 157.486467 205.729752 201.570039 209.190674 227.785892 297.645950 169.470792 241.503830 188.134174 226.769962 224.458151 229.931755 244.596691 306.930351 196.180601 259.250641 211.631427 247.963295 231.255441 250.580139 241.349173
445.789604 208.511281 361.115150 195.491195 288.126755 178.800430 230.789795 179.173894 198.323135 198.219681 269.628143 118.326738 202.837372 124.621925 189.996738 162.423019 199.243126 191.051645 282.841892 144.045124 219.545059 160.279212 205.002785 200.218105 207.056999 225.026722 292.820339 169.626274 237.449551 189.673219 224.793758 225.267019 229.868984 247.983170 297.509747 194.637594 252.857037 210.858407 243.214645 231.723247 246.200962 244.690418
450.205841 213.339415 364.438248 200.351901 288.950901 186.819348 233.443928 191.272559 206.206665 215.575962 270.489254 128.896194 204.348869 131.309223 193.502064 169.253626 203.734055 199.868374 285.744629 155.761700 225.915775 173.311243 214.055405 212.895098 221.137428 238.956842 297.359905 182.371159 245.037918 202.595487 234.909973 235.457454 241.318436 258.281221 304.907608 206.018014 261.054726 220.757618 250.207748 240.150490 251.349239 253.398285
455.438614 215.156651 368.176270 204.931426 293.567944 185.369296 238.081779 184.582171 210.617104 202.941971 275.074539 128.044782 204.998703 130.398402 194.833069 167.954364 204.680481 197.920790 289.840736 150.814033 227.082977 170.279245 218.136139 214.071665 230.718327 246.323404 302.009335 175.767903 247.528114 198.985963 241.094322 238.583064 252.922783 266.375570 310.002155 199.117684 266.546288 217.601695 259.459724 242.278776 264.688168 259.621181
457.301826 215.368094 371.296082 204.257870 298.726387 184.346724 244.070015 180.496631 215.286484 194.398627 275.682964 129.652977 205.117264 131.138620 197.067604 170.271034 211.726074 201.816001 289.409389 148.813663 225.566196 170.779724 223.536930 214.491463 241.719971 243.248062 300.606327 170.719571 246.520615 197.572517 244.708252 237.030258 261.910782 262.878428 307.643032 191.636367 264.678764 214.545665 262.731857 240.701780 274.354954 257.109632
458.698349 214.995375 371.267242 200.300045 298.997765 179.658608 245.135384 176.702557 214.875145 190.642877 277.298069 125.746350 206.391125 128.542528 197.772598 166.415920 211.597443 196.014991 292.913189 149.586711 229.036140 169.369941 226.199112 210.438051 245.960732 238.889437 304.986801 174.667225 249.096050 196.878147 246.825790 234.626412 263.726215 259.338284 312.807159 197.742062 267.275276 216.658416 263.435841 239.612718 273.486080 253.722067
456.679611 211.145883 371.996231 196.579556 302.922630 175.435023 247.757435 171.516609 213.489494 185.619750 276.668167 121.062155 206.481400 125.118127 198.418293 162.153168 212.105751 191.550837 290.536385 146.008201 226.201859 165.026765 226.658783 206.344171 248.894024 235.619373 301.418037 171.521087 246.343536 193.520236 246.792011 231.851649 265.839787 257.925882 308.386116 195.366540 264.245911 216.024842 262.758503 239.007554 274.842796 253.098049
453.229446 213.586493 370.924072 201.566648 300.983906 180.284772 245.627022 172.992325 209.285851 183.115268 276.937675 122.830124 203.982887 125.073638 192.445450 161.529379 205.198860 192.391505 289.883404 141.229491 223.878613 163.572564 223.574848 208.733296 242.493362 238.572793 299.491787 163.137217 244.844856 188.770595 245.194016 230.014687 263.670559 258.440924 304.804478 185.165820 260.487957 206.782250 260.866547 233.269444 274.663372 251.727877
454.666595 210.733852 371.760902 200.469904 299.289436 178.546271 242.163048 171.507511 208.629875 183.130674 272.534161 121.881466 199.746208 125.456572 192.678528 164.205751 208.114395 195.268493 286.225243 142.290316 222.231255 167.130632 223.512726 210.845318 246.517792 240.789642 297.845802 165.367398 243.332214 193.864403 245.482426 232.242994 266.092987 258.754234 305.123100 187.130842 261.050682 209.853072 261.947136 234.816642 276.890583 251.513186
456.331100 208.586898 375.116730 199.948397 303.612099 176.838956 248.005104 166.398225 216.651115 176.637955 274.784889 118.504171 200.715103 122.059479 197.360344 164.078879 218.246498 194.195895 285.590553 137.894225 222.001266 161.722555 228.722420 206.369677 251.253567 230.241737 296.587791 161.142969 242.752838 189.404483 249.557533 229.489260 273.273697 252.674932 304.087200 186.534576 260.519848 209.330235 264.320183 235.303087 283.181210 250.932312
456.441422 209.328461 375.443611 200.960355 298.359356 178.628883 239.582272 170.018735 216.538448 182.236676 278.270798 120.972133 203.143005 122.225804 199.327660 163.833661 218.018799 189.449987 285.416641 139.066644 219.804382 166.496773 234.077110 206.719823 260.319023 219.812107 294.672489 162.040601 241.219368 198.974934 258.722115 231.344490 290.226879 241.163292 301.544170 186.692204 257.929554 216.477227 271.927452 237.747374 300.347443 242.774334
453.265533 206.843634 377.119980 199.772844 304.452629 178.245893 248.627110 167.766452 215.714664 177.534785 276.678772 119.649282 201.745853 123.585777 196.465054 163.372822 216.079807 190.072889 281.613426 138.247762 218.055267 170.005774 237.315464 209.523039 266.994324 221.977544 289.052467 161.866322 236.165409 199.852896 259.369526 231.510057 293.259296 241.673927 294.389172 187.812653 248.906822 216.321731 267.299366 237.437811 298.604927 243.087387
453.621826 209.582562 377.507439 193.550949 304.576473 170.163445 247.209206 163.296132 209.565582 175.559349 274.177704 120.107303 199.708862 124.976721 197.090073 162.843447 217.754135 185.875440 281.971970 148.661785 218.661652 174.683762 238.738174 207.088637 270.461750 217.354145 291.696091 177.584667 237.275600 205.818515 261.957855 231.176834 292.365704 237.967372 298.276596 203.560739 254.278088 227.834702 273.457012 242.666416 301.415920 242.868319
453.422699 210.815306 382.750778 201.891031 309.063206 180.286374 249.663925 172.179837 220.480652 183.904681 279.929333 122.649422 200.002041 126.785674 200.463142 170.823426 224.704990 197.162247 281.344337 136.595907 214.500961 165.316730 235.003853 208.354626 266.364326 221.826339 286.375561 157.157207 230.310402 193.431916 256.332283 228.251009 294.718113 237.701240 291.545277 182.480593 240.330544 206.713715 261.012955 231.795187 297.777252 239.483814
455.779343 211.947756 381.218872 204.284291 303.301506 182.771673 241.940231 173.750238 211.860504 183.144050 275.004101 124.869747 201.167164 127.507896 203.424835 169.140415 226.315823 191.396141 281.825695 145.201521 216.622963 170.368395 236.850967 207.115660 265.890141 215.279160 291.357861 169.468689 236.038132 202.719083 260.544453 231.273737 293.917866 236.693802 298.680763 194.373121 251.764164 222.133727 272.884121 240.149403 305.707989 240.807638
457.083244 217.950153 380.249481 201.710143 304.234562 178.401060 243.730068 171.458731 206.933022 181.429682 274.498253 126.187434 198.884544 131.648855 199.876137 170.738540 222.720375 192.369390 283.404179 155.947495 218.858376 182.646575 240.815735 213.648534 272.540569 220.469198 294.641438 186.040964 239.575005 215.098500 265.451946 238.243704 295.943604 240.738144 302.852001 212.118816 258.611145 236.658497 278.101463 249.524345 306.235695 246.029577
458.728180 221.790304 382.355118 211.178498 304.827099 187.348380 243.000546 179.837022 217.415085 192.775440 275.959663 123.836002 200.395947 128.866010 202.624283 172.543745 225.245876 194.677606 283.836422 149.371819 217.573986 171.191654 231.196289 209.076648 254.011879 217.534204 294.365845 178.502727 237.271824 205.040145 252.672768 232.771282 279.814148 237.654562 302.920246 209.805036 255.626812 229.472337 264.597034 243.463812 288.248158 242.798252
457.493591 225.134382 385.517387 209.037194 308.740635 181.961346 241.978893 171.883121 201.059494 184.297142 273.654270 129.798245 196.494846 133.158646 199.449024 172.798634 224.303055 193.409185 281.188622 160.741081 215.255241 182.573404 235.312767 212.934537 265.671310 218.635254 292.598057 192.599373 236.898232 217.703133 259.708538 237.811875 289.717140 239.141793 300.856895 221.905088 257.864475 243.588152 275.844364 254.034920 303.242188 249.149981
460.134430 224.815249 387.285538 209.473443 309.112453 185.758610 246.049652 181.547971 211.981544 199.651895 271.973515 128.678627 195.137863 135.110836 197.453690 177.434392 221.222572 198.780484 281.502247 159.428759 217.006321 185.985317 234.252491 220.442104 261.225052 225.923138 294.308643 192.078395 241.526260 221.850944 261.198978 244.682980 288.135338 245.135479 304.264259 222.554197 261.882534 244.442797 275.258904 256.209240 299.318676 252.507420
461.216774 232.153645 385.735321 212.574863 307.159348 189.028773 241.665077 187.518053 205.054893 205.438013 271.623974 137.367954 193.370800 140.168953 190.605564 180.845890 211.136703 204.922843 281.784077 171.191940 213.257637 191.146417 230.900364 222.193279 265.669518 231.135650 294.180775 204.570737 235.975094 227.592545 257.093010 247.328768 287.523746 249.375658 303.173962 233.576474 259.290714 252.821045 272.967224 262.667484 297.090092 258.087959
457.144470 234.893675 384.162712 218.771467 306.182766 195.597582 239.634991 192.039957 202.564602 206.606884 268.455944 133.864603 191.005116 141.321459 185.588760 182.507787 204.726295 206.557989 278.651104 165.899277 213.391361 195.934596 231.220303 227.060380 258.041782 230.559368 291.614952 199.021225 237.941093 231.582155 259.277935 251.301413 285.970917 250.048771 301.239185 230.897369 256.071930 253.828611 269.326782 264.310083 292.865105 259.946394
465.463333 227.512264 382.027779 220.894189 302.499771 197.780685 236.073914 188.331285 196.306210 199.467459 271.140060 134.580202 197.419262 132.421131 181.391487 175.030618 187.550354 211.408052 286.766396 162.412391 219.000893 188.081331 219.340096 230.277300 236.622391 256.052027 299.766579 191.752896 240.424194 221.879282 244.430771 251.761608 260.895195 265.573082 306.438828 220.754156 256.394825 242.685099 257.689571 259.661636 271.857052 265.419731
457.736816 230.014758 378.976479 228.356352 306.371632 202.456598 244.388618 191.507764 205.831223 201.979766 276.841278 126.914577 200.455322 131.321025 196.490669 182.087889 214.689236 214.812026 283.282337 140.825601 207.188263 157.719584 218.188801 210.548830 239.760876 233.030233 288.899021 164.490867 220.606365 193.075848 239.021988 235.859771 272.718887 250.570736 289.933968 197.969327 224.674721 212.757111 221.411800 242.989912 236.247787 258.633928
450.381889 227.493968 377.904854 221.528292 306.325417 198.326726 241.569061 192.141237 200.121994 210.144854 276.506538 124.392371 201.005344 129.967189 198.360672 179.111052 219.495850 213.413630 279.322052 142.253809 205.306053 161.685762 218.989067 211.167927 245.355339 234.083004 282.816811 165.695128 218.368206 193.666148 236.995716 232.048559 271.372547 249.137592 283.605480 196.318660 221.179123 208.374324 218.583107 234.117723 233.866978 249.298267
454.140396 228.834729 380.165939 225.489163 302.684841 201.540284 234.408627 194.533281 196.804581 211.589084 274.401550 128.032022 199.233780 129.282990 197.440090 176.569233 217.105808 210.199842 278.920956 145.318165 204.936314 159.946733 217.796402 207.419944 244.489822 230.319371 283.823032 167.731433 219.565353 194.910822 237.401829 232.114105 270.627823 248.532314 285.436954 196.376553 222.879677 209.273987 218.163795 235.101442 231.641140 250.127134
457.301178 231.153631 378.644714 230.037603 300.978374 204.959464 233.755169 197.574849 192.998371 214.004474 274.513302 130.852604 198.069916 132.899351 194.642372 180.533180 214.461136 214.140873 280.966148 149.012203 207.702579 165.120606 217.044811 212.572875 241.320477 235.587630 287.030678 171.785316 223.255138 199.109259 239.219799 237.393179 270.052338 253.553410 287.903061 199.356294 229.973335 214.873981 228.130493 241.493740 242.494602 255.389614
458.145676 241.028309 377.538567 238.877177 297.666512 220.641875 229.005222 213.304539 186.501999 227.770844 268.334332 140.559468 188.690662 145.252562 178.629379 194.898591 193.790512 233.870358 277.925301 159.486837 199.803391 180.140476 209.975166 232.335033 237.216377 259.405947 285.320492 182.321892 219.726830 208.956499 234.107285 248.562212 263.662834 267.107277 288.253498 210.124311 228.318806 224.916916 225.199337 250.392666 238.683491 261.842051
455.996552 260.748882 375.605507 250.809059 293.718510 234.455781 224.481659 231.723661 176.595268 248.107080 265.578041 156.441479 182.617607 158.949008 172.643280 210.736799 190.144711 249.722271 277.661400 184.349527 199.636059 198.474813 201.846867 248.007860 226.655312 274.927998 288.142548 214.898872 220.639839 227.560372 224.639740 263.259258 245.876427 281.459913 294.483891 245.757208 237.086182 254.390545 228.673134 274.289675 235.775738 281.543255
468.358955 257.970800 385.124474 259.389954 301.335888 241.888390 233.945312 235.419688 186.699181 249.940910 267.759190 161.763954 185.082893 166.504211 169.480934 221.264448 180.435486 265.359621 281.540051 186.055441 205.151939 197.581201 182.203217 252.186384 185.138206 292.619190 295.395546 212.013173 225.023022 220.625567 205.521889 262.486267 205.025940 295.525532 305.586948 238.150263 250.919228 249.177475 234.401417 273.186550 231.676025 289.192371
490.727310 272.876730 408.094635 269.149704 323.170319 256.099234 255.988503 253.210344 203.106232 264.351854 287.699203 176.739063 208.630352 183.385048 185.892258 225.693097 186.285419 264.193153 302.438755 201.596088 228.587494 209.076204 203.024483 248.206587 205.493622 282.275705 317.509022 228.849821 251.621399 233.811779 224.286079 260.809193 216.059017 285.547199 330.119934 254.796638 280.532131 264.926691 259.967422 281.915245 252.650776 294.661789
499.210930 269.721537 418.980064 265.152025 338.789215 249.687767 270.868225 242.782831 215.640602 255.260153 298.233681 170.766335 217.640152 175.887623 192.133713 212.268548 191.534996 246.620436 313.463802 194.594636 237.223206 200.293522 216.142426 239.412603 217.300072 268.187399 325.836372 221.467767 261.347008 227.684684 240.878639 255.864429 238.509865 278.711729 336.290436 247.120743 285.047741 255.762262 267.001858 270.848722 262.825527 281.334944
504.241066 267.914429 434.990501 264.946976 361.726799 253.321266 297.257671 249.584055 243.399200 267.774639 309.156227 173.651018 230.219879 174.481030 209.556465 212.657647 215.220947 249.885635 320.724945 198.447332 245.471001 201.566992 227.428665 239.128203 230.419292 266.272430 332.770157 225.079494 269.547215 228.183231 251.900120 253.688622 251.394806 275.017376 344.070663 249.997101 296.107769 255.900764 278.650227 269.958830 274.356384 280.882187
508.612366 271.829052 440.057869 273.566380 367.672501 263.388090 302.910347 260.404100 246.349583 277.100687 312.732201 179.084029 231.882210 181.794834 208.405571 219.062390 212.449265 258.562889 324.565620 203.602123 246.903419 203.800263 216.718521 235.941424 206.719151 263.719196 335.885696 229.535608 271.219406 229.985304 244.394493 250.038214 236.132851 271.216164 346.050072 256.134968 296.836510 259.522476 274.902287 270.201902 266.919270 279.868155
504.273415 266.884890 440.095100 273.063440 370.771599 263.159723 306.987991 258.454313 249.267197 275.753660 308.608932 188.187990 228.829384 189.236512 179.026260 200.211868 144.765320 214.850049 322.067108 205.522957 245.726471 203.810191 196.367722 219.119840 162.605648 232.481804 334.842987 228.956580 273.695412 238.557701 244.491272 261.220579 229.790878 280.898523 346.166916 252.006655 301.873569 263.031378 283.923817 276.754389 276.734867 289.226561
493.273430 267.027025 427.674904 269.542923 353.815804 262.219191 290.179482 264.931269 237.207870 279.192924 298.678322 187.965689 217.788429 185.024285 166.244659 187.874379 131.382675 189.590907 312.326927 205.937519 237.809219 202.017374 188.117371 215.541701 154.528065 221.133027 326.432419 228.648849 262.076569 242.399454 249.497986 275.250549 246.702728 293.810692 336.658897 249.558935 289.556274 269.190245 281.586037 285.623560 285.969639 297.744370
496.725693 256.629438 431.207275 258.002071 352.843018 249.850616 288.390636 255.523252 239.203911 276.414270 297.367783 182.920089 218.093948 174.490013 165.581036 173.873777 128.958359 173.802681 310.220470 201.210194 232.934456 192.719550 179.983559 199.285498 142.996120 199.878416 324.885750 224.866118 258.818970 239.663401 254.381142 268.853216 258.569603 283.283672 336.154060 245.680504 288.729553 265.055037 286.302891 278.079157 296.004639 287.909174
507.157745 262.060204 441.786919 264.189234 364.428978 255.817881 300.160484 261.629677 243.775902 281.131239 303.756428 183.958826 221.578197 176.985097 167.882404 176.816039 129.764233 178.244805 315.848198 203.810391 238.868046 192.948532 186.042747 196.459093 145.065460 195.336828 330.512314 228.136482 264.479370 230.548925 229.177780 243.195934 204.730854 250.323114 343.627243 255.018253 295.341415 262.029705 273.687916 270.469065 263.344822 277.072020
504.629745 257.282925 441.201935 258.831253 365.497551 248.847284 299.429455 250.718479 237.561493 271.372547 301.913795 178.425894 216.012306 169.326839 161.975174 167.202501 124.297562 168.812656 315.460014 198.879719 235.813599 190.269656 185.127754 199.519958 149.760380 203.160524 329.417076 224.539347 261.148434 233.659430 242.125111 260.256701 234.175186 274.780140 339.516296 249.310942 287.084808 261.645699 274.972210 275.383530 276.944065 286.651525
516.744499 263.168678 439.329987 264.334288 352.664795 246.906309 271.924191 238.047867 187.499180 255.883083 303.159828 184.485569 217.707176 171.694679 166.978378 169.283309 130.664902 172.269015 320.460625 201.613383 239.614830 193.775325 192.214870 205.482445 160.253410 217.685666 335.720406 228.907785 268.832531 226.647692 230.254402 239.111509 204.503326 254.213905 348.011780 256.819983 296.837845 259.342690 268.059273 267.714558 247.487869 277.370424
526.590309 265.589561 445.425797 263.556404 356.404305 236.018500 279.301624 214.083967 190.030098 214.241624 303.276157 186.483507 225.264664 169.481421 174.234219 166.928272 138.972225 169.774160 323.878059 201.863194 247.046432 191.323543 199.206944 192.537160 161.288280 195.262327 343.369179 229.148111 280.894394 220.300341 240.816097 221.641245 209.819145 223.852658 359.223404 252.628527 311.490269 248.506508 284.491730 247.722759 261.304398 246.515007
517.139664 279.333801 417.848549 238.733754 336.041527 190.995741 262.341747 160.844421 184.300041 133.986883 302.407646 169.546666 230.185642 150.355811 183.946877 145.472546 152.870979 147.031803 321.478539 206.535001 248.503532 187.969437 203.877144 184.511776 169.744682 182.896314 337.616768 244.132776 271.798363 234.272876 231.330452 234.346089 200.543633 239.075289 348.069763 282.572393 304.198856 277.994814 274.735870 277.144260 251.934280 280.420847
514.661865 288.495283 420.276337 232.291403 347.673531 182.963276 282.888336 150.496645 214.911613 118.283157 309.772778 178.730106 242.563477 157.442908 199.986992 150.445061 170.082569 148.775539 325.934525 220.699854 258.396797 203.561010 213.685799 201.496353 181.062050 200.573816 341.525307 261.869459 282.134171 255.362377 243.031273 257.487345 212.213402 263.734789 352.790070 304.654312 322.037239 307.308912 298.745117 311.873531 278.980751 319.485912
511.581573 284.710007 426.018143 222.058668 355.788727 171.769366 287.037048 138.370972 214.901409 105.074458 311.011543 178.332911 244.208603 157.723360 202.355690 153.428850 173.077412 152.125540 325.761909 220.807986 262.089310 214.251995 216.927567 219.252005 185.886650 224.718089 341.444626 263.308439 287.308064 265.246582 253.409157 269.351778 227.147312 277.043495 355.048981 304.528370 327.551270 310.754042 306.628208 315.797424 289.484882 324.627686
514.606400 277.027473 431.136780 196.192303 358.708992 141.996317 290.791893 103.614650 222.204342 66.350369 307.026520 184.267960 239.500008 167.852240 200.645752 167.976179 173.265858 170.668144 317.530994 228.427005 255.032005 232.314878 214.420929 237.665377 187.216721 244.636402 333.232460 272.694082 279.033318 283.014650 248.805923 285.184851 223.804092 291.871319 349.329224 316.389170 321.187973 328.734112 300.633755 337.873478 285.846596 353.147421
526.128082 269.043245 446.978035 178.929305 365.769234 126.461592 303.440228 90.295787 240.570869 57.167158 308.440952 194.985867 242.256927 182.190070 206.346626 180.818739 181.207542 182.992458 314.346390 242.148886 250.420303 247.550411 210.848103 250.396500 183.057747 254.845219 327.947121 287.223988 271.500587 300.570230 241.418972 303.522549 215.760727 311.618242 344.032402 331.904411 312.157593 351.036701 288.813820 365.217533 269.581985 382.704678
530.309067 263.994942 455.416183 172.672720 374.408302 121.074629 313.884010 84.785414 261.820412 54.310398 315.739021 194.946699 249.881687 186.731529 214.457054 185.205460 190.607452 186.552544 315.442924 244.523420 250.576591 250.275135 210.865364 253.268452 183.114014 256.801558 325.303116 288.037262 268.952007 307.041979 235.781975 311.604538 207.666454 318.581657 341.609192 333.275642 309.758091 357.143440 285.766792 377.101936 266.132107 395.910444
526.109467 269.037294 450.461731 168.250537 370.355377 117.020538 314.990978 85.712228 267.886257 60.877705 316.413422 203.428259 250.074120 197.219367 214.385185 196.175838 190.266209 198.154364 314.355774 255.572233 246.770859 263.977804 202.313366 265.988388 172.165070 269.992905 322.572823 300.253115 261.015320 320.752544 224.160156 326.685362 194.732075 336.558208 337.325897 345.262356 297.780075 374.787998 270.214920 397.033882 247.393856 417.084332
524.143372 268.424864 449.654312 170.329413 368.940887 118.063853 311.926727 85.145631 263.999882 59.262757 313.267708 202.166061 248.875008 196.995649 213.464546 195.662842 189.497490 196.774292 310.436420 254.054089 244.397907 261.519814 200.490341 262.794800 170.613213 265.564013 318.106556 299.782906 257.706833 320.934734 221.481686 328.069468 192.607765 338.002424 332.897835 346.043758 292.807503 376.119576 265.790043 399.338865 242.761040 420.279608
522.221718 272.616692 444.173126 171.644697 370.596695 119.036837 316.027946 85.332770 264.877720 59.432430 316.322517 201.803155 249.761105 196.975708 212.448368 196.329732 187.110271 198.321533 314.922962 251.799402 247.283707 260.189667 202.518635 263.461332 174.614239 266.953382 321.490784 298.140965 256.643333 316.540232 218.247032 323.489914 190.189991 334.020023 329.783592 344.283428 275.356331 364.990540 238.486671 379.841337 206.596413 393.656960
520.492554 276.796074 441.795578 172.112918 368.001823 119.114964 314.383430 86.986914 265.136185 60.040112 313.072186 202.906580 245.582809 197.598538 208.243828 196.995692 183.884602 198.577509 312.399368 253.637924 243.267879 262.645626 198.693008 266.656723 169.589787 269.211645 320.672760 299.473600 258.199615 315.600414 219.190712 320.915766 187.518845 329.253531 333.111572 343.170061 290.837440 358.322296 264.209270 372.030373 241.776962 386.980305
519.134903 273.075714 440.035362 169.016662 367.412415 114.571366 313.082809 82.433996 262.716236 54.680915 312.085743 199.487100 245.933323 193.194466 206.186371 193.352365 181.464024 193.656664 310.919514 250.478754 242.224503 261.882420 196.972961 265.877838 168.562222 268.178787 321.069527 296.821146 252.378654 314.260798 213.375168 320.925350 186.774044 330.163364 334.761353 339.502687 300.010223 358.816051 291.141148 361.546898 290.374489 363.423271
519.215088 278.013296 442.150879 172.943587 369.282494 116.956036 315.502071 85.189776 262.965031 55.896935 314.247742 200.224886 246.269188 192.879281 205.771751 193.154254 180.248337 193.558187 311.665955 251.002750 242.251282 261.439133 195.599422 266.211605 167.706184 270.091181 320.614395 297.892227 251.135559 314.322910 212.216377 320.924206 187.007656 330.912752 331.914711 341.990032 297.926636 360.829039 289.616680 363.445988 290.508099 365.790024
520.415154 277.727222 439.148369 170.086813 367.316055 115.185363 313.882866 84.462190 262.059937 53.082032 312.800484 200.215559 246.147575 193.838253 204.822769 193.553467 179.302540 193.211346 311.351986 250.302629 240.919151 263.605270 193.092823 267.598114 165.412693 270.139704 321.235313 298.798456 245.272179 314.890079 203.746376 321.907654 177.562218 332.736425 332.306557 343.666306 296.188488 361.927757 293.157158 362.962189 299.764519 365.060377
523.735924 274.122934 444.243965 171.742387 370.228767 114.761374 312.700233 81.134763 256.873894 51.051364 312.074432 198.789310 243.776798 194.679995 203.697300 192.771621 177.422428 192.004838 311.294918 246.715708 236.186752 263.996630 189.638767 267.280226 159.260654 269.317417 320.226364 295.042419 230.487862 318.357096 182.069530 332.470007 144.769650 347.301865 332.925835 340.702286 282.558594 363.173819 294.224319 362.388525 314.611740 361.495285
530.950165 274.190626 447.116089 170.447316 372.123756 111.565669 314.136181 74.357901 257.280655 43.245835 306.043396 196.573677 240.253773 188.946319 200.364113 189.064908 173.648911 189.242420 308.750992 244.770956 239.077568 256.102238 191.070404 260.079947 161.351986 264.411421 321.814117 293.097067 248.841705 312.963982 219.395676 328.210430 204.384193 345.733109 335.968056 339.927750 294.213448 359.024162 297.609787 358.817167 310.735321 359.870710
531.573334 277.157249 445.862160 170.249662 370.533676 113.626885 313.837051 78.119102 263.906708 43.121266 309.705658 197.712450 243.786316 189.421978 203.778210 191.436310 179.749184 191.919065 312.805233 246.516838 241.916962 258.841038 190.992393 263.201065 166.310310 265.612965 326.822968 294.518108 253.354607 313.215780 235.869389 325.405884 242.451363 337.748566 338.530579 341.826210 297.471199 362.689533 301.236877 364.659004 321.552391 365.440636
534.063797 277.631836 446.965141 170.602512 372.633743 114.095900 315.123177 78.186264 261.708412 43.303313 308.892479 199.087129 244.139328 188.940911 203.812866 190.596299 180.598888 190.108767 314.189072 248.409262 241.518040 260.124979 189.621162 264.218245 165.181236 264.137192 330.294228 297.424221 253.101997 314.089737 238.161011 322.588320 249.431458 329.676361 342.954750 344.878178 297.096405 364.412670 299.282646 366.384029 320.391083 365.329571
533.860054 275.996704 445.536728 168.634315 372.774391 110.492184 315.191765 73.857837 260.685501 39.633951 309.197693 198.507714 243.797283 187.366977 201.291790 189.109082 177.589073 187.542601 316.383705 248.751783 235.569324 262.344475 178.272285 268.106146 142.837543 266.983423 334.091530 298.588600 249.469833 314.247923 249.815483 317.882309 274.611740 317.920189 347.054176 345.639381 294.702950 362.489605 297.763329 360.445433 318.539162 353.425484
532.094650 276.671991 448.943634 169.172959 374.344521 111.472714 317.804985 75.971718 261.018028 41.278338 313.882179 200.539899 244.496231 188.609905 200.328407 190.225611 177.793274 191.816454 321.540756 251.173525 237.286301 266.978788 179.005337 280.180149 150.257015 287.840424 337.448959 301.096659 257.253132 319.236288 246.876907 321.521616 268.940086 318.596563 350.903778 348.384504 299.317551 360.648594 296.396675 357.025394 313.183556 345.926685
540.281105 271.632271 461.282501 172.068629 381.915627 113.766968 318.543034 75.072341 268.543053 42.526402 316.837845 198.863740 245.440216 189.087067 207.034245 190.036125 185.707722 189.557304 320.168419 248.800507 235.914097 266.342125 204.199219 273.832741 216.551723 268.421774 332.466087 298.989859 256.043091 320.900574 246.748028 323.641605 281.374016 310.196571 353.851624 345.556841 299.216270 359.280682 287.569103 358.012791 304.766884 342.143784
542.563591 273.210011 462.422485 172.014055 379.978409 115.690677 315.461159 77.167211 270.716114 43.033748 314.861717 201.770139 245.304108 192.564425 209.030266 192.507277 182.862015 191.347103 319.290695 251.427040 235.663986 264.618359 218.441563 274.121904 241.411800 272.134094 330.509949 300.664558 255.872116 320.258617 253.488693 323.151569 292.491856 311.133327 352.189445 346.250811 297.038078 364.051809 289.912510 362.268476 310.877781 345.541935
541.983719 273.696756 464.942627 174.098668 381.367493 119.534204 312.934189 79.936767 268.455772 43.924212 311.247120 202.239504 243.004284 192.083530 206.025143 193.258238 180.374432 193.942108 314.852352 252.426996 231.496754 268.745670 219.319687 277.252750 244.592266 273.054171 327.014923 301.307201 252.757530 322.437630 253.737526 323.536835 291.267014 310.622005 349.454346 347.367325 296.911564 366.643124 291.874771 363.731031 313.076057 346.352062
538.835068 269.191074 470.395126 175.246897 384.441910 119.073465 309.779949 79.101105 267.505760 41.960349 309.149952 202.300129 237.795753 194.045992 199.967670 195.620441 171.044369 196.957426 312.114792 252.644806 230.911522 269.991102 218.538132 278.016529 245.025978 276.325636 324.790039 301.308060 251.253319 323.552227 251.639557 325.828743 291.102619 315.444231 348.855362 347.478333 298.520622 369.596643 295.951328 368.036299 321.233330 351.824312
536.886635 266.374454 469.015961 167.660007 390.617676 112.002518 325.071754 71.375670 281.171837 40.402064 312.474022 196.218681 227.733498 198.639936 176.085167 207.595439 134.166355 212.492795 318.651237 246.696882 229.826355 266.505461 228.816757 277.405071 259.380474 275.247631 331.462440 297.089367 249.262657 319.675970 254.710922 323.409863 301.327305 311.826267 353.089027 343.712511 296.896248 364.052410 302.231770 361.785221 336.301231 343.099108
538.121071 258.998680 473.173218 164.708161 398.651237 106.534488 337.132378 67.256656 299.707680 33.263383 314.551010 192.117920 232.969780 203.584671 197.725410 210.717502 190.680561 212.810483 321.521568 242.915869 232.169228 261.449375 228.047409 263.301373 260.109329 253.214550 335.726242 293.602839 252.619286 313.753824 247.988949 314.118919 294.231300 298.822403 360.933495 341.016026 298.820648 360.209255 298.511066 356.932812 332.015915 338.094349
534.619751 253.731709 473.567696 160.968676 400.836563 101.446137 340.552483 62.623615 307.805882 36.116166 314.941254 191.518121 237.435608 207.022533 222.127438 205.841188 242.120438 196.869693 320.126762 241.334610 232.183704 261.840963 232.415562 263.942299 268.726807 252.187443 333.367081 290.080462 254.148865 311.364098 250.664310 311.421461 296.274395 294.235067 357.947311 336.437187 299.004860 355.314560 297.395859 351.294308 328.403625 331.829424
535.062485 255.513411 478.625870 164.883742 401.452560 104.981489 339.676285 66.735005 311.130295 37.920070 314.697762 190.957603 238.539391 205.071216 231.647835 207.298522 265.716705 202.598820 317.567940 242.586222 232.305641 261.419678 237.283440 264.998903 281.122074 256.085758 330.629349 291.598806 254.060097 313.894644 254.070702 314.552250 301.422882 297.655163 355.128670 337.772427 301.305161 359.335556 300.372143 356.053047 330.628929 336.615200
532.692108 254.273243 466.743279 164.103155 386.180305 103.767078 307.590599 72.079968 251.277046 93.840194 314.458389 192.750106 236.783943 203.352470 231.768093 201.886325 265.633392 197.956667 319.036446 242.402744 233.359261 260.480719 238.390522 257.544651 280.761986 243.810139 331.550369 291.772671 253.270760 313.378830 250.885601 307.434454 297.260647 287.424002 356.124649 338.525562 298.084679 356.192150 295.312309 348.471336 326.993866 327.971220
552.202988 252.524958 490.373688 164.775982 408.345604 98.731620 325.145798 72.412934 273.033352 102.171292 330.813713 183.020754 256.322479 190.066252 237.703438 191.073503 257.986069 188.547363 330.109634 235.403910 246.842041 252.716389 237.397156 252.495747 275.265942 241.949902 342.358246 285.871239 267.343521 308.842821 254.697418 307.462034 294.086914 290.978050 367.133942 336.220207 312.670956 356.258898 302.470722 350.826015 327.414665 330.862226
-1.000000 -1.000000 -1.000000 -1.000000 -1.000000 -1.000000 -1.000000 -1.000000 -1.000000 -1.000000 -1.000000 -1.000000 -1.000000 -1.000000 -1.000000 -1.000000 -1.000000 -1.000000 -1.000000 -1.000000 -1.000000 -1.000000 -1.000000 -1.000000 -1.000000 -1.000000 -1.000000 -1.000000 -1.000000 -1.000000 -1.000000 -1.000000 -1.000000 -1.000000 -1.000000 -1.000000 -1.000000 -1.000000 -1.000000 -1.000000 -1.000000 -1.000000
-1.000000 -1.000000 -1.000000 -1.000000 -1.000000 -1.000000 -1.000000 -1.000000 -1.000000 -1.000000 -1.000000 -1.000000 -1.000000 -1.000000 -1.000000 -1.000000 -1.000000 -1.000000 -1.000000 -1.000000 -1.000000 -1.000000 -1.000000 -1.000000 -1.000000 -1.000000 -1.000000 -1.000000 -1.000000 -1.000000 -1.000000 -1.000000 -1.000000 -1.000000 -1.000000 -1.000000 -1.000000 -1.000000 -1.000000 -1.000000 -1.000000 -1.000000
-1.000000 -1.000000 -1.000000 -1.000000 -1.000000 -1.000000 -1.000000 -1.000000 -1.000000 -1.000000 -1.000000 -1.000000 -1.000000 -1.000000 -1.000000 -1.000000 -1.000000 -1.000000 -1.000000 -1.000000 -1.000000 -1.000000 -1.000000 -1.000000 -1.000000 -1.000000 -1.000000 -1.000000 -1.000000 -1.000000 -1.000000 -1.000000 -1.000000 -1.000000 -1.000000 -1.000000 -1.000000 -1.000000 -1.000000 -1.000000 -1.000000 -1.000000
-1.000000 -1.000000 -1.000000 -1.000000 -1.000000 -1.000000 -1.000000 -1.000000 -1.000000 -1.000000 -1.000000 -1.000000 -1.000000 -1.000000 -1.000000 -1.000000 -1.000000 -1.000000 -1.000000 -1.000000 -1.000000 -1.000000 -1.000000 -1.000000 -1.000000 -1.000000 -1.000000 -1.000000 -1.000000 -1.000000 -1.000000 -1.000000 -1.000000 -1.000000 -1.000000 -1.000000 -1.000000 -1.000000 -1.000000 -1.000000 -1.000000 -1.000000
