204.907322 335.991468 265.088348 356.671829 325.323486 362.190199 367.536774 377.737856 397.826538 397.596102 352.846146 320.719471 421.755714 335.200739 469.477921 362.405748 504.051208 391.404963 332.049332 316.506500 413.990364 326.588058 468.216972 360.471697 506.181870 394.720917 303.333607 329.086046 381.679802 343.068638 430.562057 376.860752 463.993416 406.506042 273.771667 354.551468 317.500038 399.193554 342.534828 437.357111 360.999832 469.288445
212.412529 336.764259 279.123878 359.283714 333.852234 364.712191 371.958199 376.258621 404.997101 392.404175 363.385544 319.336023 433.064651 328.095074 481.149712 351.476383 515.137558 375.918989 342.476425 318.747826 424.006386 327.216482 474.925652 364.232998 509.188690 400.316706 314.737320 331.660852 393.496323 345.889750 441.493835 381.249275 473.575974 412.755461 286.948280 357.932997 332.933960 397.997646 364.352074 433.425694 388.252563 463.232746
210.945492 337.410221 282.129993 360.956812 334.977913 366.911201 371.805534 377.284241 406.062469 389.891853 363.806114 317.373590 436.353836 321.865883 484.750519 346.889305 517.417603 372.936230 341.880798 317.461824 424.280739 324.361782 473.846474 365.952272 504.883614 404.982405 313.511333 330.270081 395.956497 338.221750 443.970032 374.886990 474.372940 406.820869 288.078098 355.944042 333.701782 391.296701 365.024033 425.432568 387.029686 454.452095
221.606369 332.368355 296.925755 364.210539 344.567032 374.635019 374.698372 384.896364 409.920616 397.795429 375.400200 314.984894 442.247124 318.219366 486.485748 341.929007 517.486191 369.185057 353.997536 318.265944 433.003693 314.531279 481.023064 347.683582 516.884918 381.838846 324.889450 329.954596 395.657997 331.942978 442.839661 364.888515 476.610184 397.099886 297.544937 352.806845 336.402855 380.802412 368.140793 413.541870 392.940369 443.081846
212.350063 335.672579 286.288681 366.196918 336.246223 373.520279 369.605141 380.771456 403.867493 387.383795 365.296860 313.107834 437.472763 317.246590 485.116005 339.727850 517.957001 366.282864 345.445786 313.170319 427.730865 314.251385 479.262619 346.140804 515.849991 380.491276 317.937050 323.717165 394.804916 330.039167 443.834114 360.335312 478.237610 390.887117 290.033188 347.567883 335.549278 379.842339 366.248016 414.220476 389.141884 445.753613
216.443138 336.039820 291.827850 367.285223 341.776543 374.416752 374.610443 380.909328 409.377098 389.115486 370.722618 315.298719 441.820755 321.259861 488.769531 343.160763 520.935631 368.718596 350.571022 316.432400 430.642929 318.414116 480.915756 352.714491 515.671005 388.573980 322.778015 326.748104 399.924660 333.142090 448.997040 365.753832 482.806816 398.211908 296.765995 349.694824 339.188995 383.501759 371.219177 417.952194 394.422951 449.886761
224.577351 334.619665 299.706097 367.639503 345.907135 379.443026 374.466629 391.749201 408.198433 405.511351 379.635353 316.638422 447.171631 322.129154 490.857468 345.118961 520.570335 372.069368 359.563751 319.384918 438.194580 317.066031 486.963730 348.720446 521.506882 382.817144 330.723267 329.476576 404.180946 332.244473 452.518616 363.882666 485.946426 396.124392 303.507423 350.831966 344.981499 379.947224 376.705208 413.878098 399.217339 445.358334
215.425053 338.150911 290.222092 373.966999 340.731049 381.797619 373.734970 389.093256 407.591820 394.949284 369.761391 314.588070 442.820244 319.600611 490.233421 343.789301 522.234650 371.037054 350.593071 313.911924 433.555946 318.075914 484.105682 352.073450 518.348503 387.799730 323.616714 324.818230 402.693825 333.027220 450.733795 366.293850 483.543167 398.807201 296.957760 349.790268 342.812271 381.772327 373.990898 415.821762 396.443214 447.470570
224.818840 334.209595 300.865479 363.802385 348.288422 372.469282 378.195992 382.898855 413.011742 396.485882 381.137123 314.832916 449.678345 320.334578 493.580971 343.872585 523.062515 371.204510 361.015091 318.140745 440.965271 314.521122 489.753189 346.854830 524.500694 381.369467 332.180138 328.988657 405.967064 329.730921 453.934898 362.283211 487.346191 394.935923 305.141125 350.674009 345.894356 378.451109 377.760468 412.249660 400.897141 443.637028
221.691551 338.130798 296.682663 372.245865 346.852417 380.690203 378.771553 389.542351 409.352036 394.581671 376.336250 313.464375 447.423325 318.347168 493.323669 341.127920 525.109253 366.243925 357.221832 312.673788 439.983025 313.922968 490.625267 346.072569 525.619011 380.161343 330.534401 322.450933 409.378891 327.619057 458.237152 359.184551 491.716080 390.158043 305.463295 345.992975 351.100235 378.247776 382.721252 412.744074 404.874840 444.022150
223.933907 343.453503 279.200573 334.515038 338.303947 328.491211 381.394272 340.341654 413.191833 360.032616 366.188927 309.806128 447.319031 328.874960 494.680405 353.221064 527.247314 377.862768 348.607635 315.122480 439.121971 327.886791 494.233971 361.699390 530.188713 396.475525 324.243164 336.651649 410.801888 355.161009 462.113419 390.285187 497.715187 420.863972 298.507156 370.508194 351.193237 416.006727 379.818687 449.736671 401.370392 476.556702
231.144104 352.619677 290.407028 330.900965 351.168213 327.673502 397.364197 342.523785 431.009140 364.427376 368.752899 313.565369 448.274536 322.858286 489.502869 342.688150 516.343193 361.670723 346.077919 331.212502 441.500168 351.445799 499.321594 384.526978 536.615372 414.590206 319.974937 362.318888 411.319885 389.073658 465.407829 423.452768 504.254532 448.735085 293.656063 400.766745 351.297150 447.688608 378.317146 478.255291 396.284561 497.733192
232.166481 348.855257 293.650112 319.668503 347.717133 318.090820 390.905342 341.488781 421.602783 363.972387 364.851418 308.104534 439.776917 315.103855 486.254044 330.274372 518.522949 345.565739 344.268188 336.221695 436.636086 358.059568 496.987038 386.101084 535.393143 411.006775 322.239304 373.584251 410.542068 410.247660 465.634575 439.944878 503.256416 460.966415 301.534424 414.700785 366.913986 466.805878 388.621597 491.695461 401.765137 503.729439
240.958519 349.143362 309.266510 317.102022 360.956650 315.219212 402.071953 338.355932 435.133362 360.226107 372.085953 307.285166 439.608917 307.865639 486.148758 319.827261 518.999786 333.295984 353.123474 337.702274 437.418594 355.350723 497.135315 378.845243 535.149918 400.139065 332.636223 376.234474 410.736656 413.850403 468.055077 443.305378 506.092224 463.572521 315.736504 417.852316 378.692055 469.424343 399.959602 492.235336 412.150345 501.436386
247.536469 346.393976 311.855545 305.404844 362.179832 291.064711 404.766922 296.768961 444.637985 303.595762 369.933434 305.922890 436.724968 308.357048 485.201912 316.972303 522.094269 327.054605 353.074493 345.910435 436.846161 368.027315 497.486801 387.975512 540.861206 404.716759 334.633713 386.655636 411.747971 426.334562 470.758972 450.659552 510.321198 467.794189 319.774055 423.563261 379.358368 468.789310 404.597473 486.933918 421.178513 494.975853
250.305061 348.575621 311.179237 303.745337 355.956192 284.261684 395.273514 282.732124 437.302055 277.063408 368.677788 307.721844 439.814568 308.532314 489.414177 315.922022 526.788979 326.876221 354.754982 351.037273 441.348190 375.941420 504.342842 394.467316 550.267639 408.695841 337.581482 390.696459 417.762299 431.103258 476.733246 452.341862 519.293327 467.339716 321.910210 424.406233 378.873787 466.506329 405.430374 485.517426 426.697159 496.132507
250.386124 345.454044 301.434593 297.034292 348.627815 274.270592 391.205139 268.311911 434.494743 260.554819 356.879654 311.138935 436.699066 313.084545 487.319946 319.412355 526.255531 327.994652 347.844925 359.699621 438.517723 383.774815 500.236740 398.307981 545.165787 407.325783 336.458511 399.037714 418.644791 435.474014 478.279381 452.746353 521.213379 462.643433 326.631203 426.684036 384.301529 463.822575 419.576416 481.604691 449.881783 491.592922
249.816551 344.551163 293.462563 297.448568 344.502182 272.054901 390.665169 264.206600 432.075882 258.628263 352.239494 307.982426 434.200325 308.280687 484.680138 313.903885 524.544945 321.754045 344.475632 354.955816 438.620987 379.162073 500.743332 393.885098 547.571411 402.617283 334.842911 395.010452 420.575180 432.381763 480.115204 451.882439 523.016815 462.083673 325.500374 423.895969 388.502502 460.853806 424.816360 478.896303 453.633957 487.426815
248.655033 347.212543 292.687416 297.649584 342.924614 270.758200 389.960938 262.150126 431.650009 256.064501 350.487785 315.640783 433.111076 315.847950 484.037170 319.903421 525.175323 326.894474 344.451065 366.063566 437.769165 385.681572 498.878822 397.224741 545.580978 404.626522 337.015610 405.953236 422.292213 439.766693 480.456200 454.717112 522.505188 461.846838 330.393829 430.867710 393.680916 464.285803 430.438347 479.319620 460.367279 487.731457
247.899380 350.309086 293.106155 300.342522 342.021599 273.385334 388.436279 263.773012 430.852280 256.374121 351.924477 317.085743 433.490143 318.471909 485.050087 323.329353 526.280289 330.297289 344.888306 366.313877 440.005913 387.686062 502.245102 399.442148 549.108887 406.166840 337.698364 406.785822 425.188217 441.459446 483.482132 457.013083 523.924484 464.593420 332.058411 434.165382 398.804092 467.147026 436.217155 481.785564 464.766464 489.455681
249.281769 349.603443 294.948063 299.573307 342.595024 272.442513 388.606262 262.098026 430.375748 255.320463 352.967186 319.761629 435.628929 322.711773 486.441536 326.526775 526.772079 332.082539 347.869034 369.222279 440.782700 391.780844 501.822357 402.128963 546.762962 407.127800 341.378174 408.411484 425.569649 443.919554 484.204216 457.506437 525.221634 462.324457 335.322495 433.739662 400.367546 466.825304 437.670593 480.832157 466.135216 486.600494
251.691704 346.193533 295.310097 295.976801 340.808792 267.842617 385.255165 255.038280 425.443840 245.125923 353.755112 319.563675 436.265297 318.399954 487.696991 320.331202 528.790970 324.025698 351.296997 368.770981 440.338936 389.017725 499.510880 396.690788 544.292908 399.619474 346.404037 405.780602 427.147293 436.947756 484.386597 449.007854 525.709000 453.629293 341.338005 428.856096 400.615845 459.878197 436.974487 472.337608 466.369629 478.433132
252.089081 345.195951 292.842922 293.838902 339.790993 265.409489 384.898453 253.341093 424.629707 243.434372 352.884521 315.296259 434.557228 315.173607 486.272202 316.282310 527.234001 319.614859 349.446411 364.408150 440.202789 385.740566 498.620987 391.654015 543.417206 393.552418 344.201126 401.999130 427.814331 434.051800 484.385757 444.599361 526.063499 448.620243 337.801476 424.797564 397.939110 456.135206 434.007797 469.328527 463.745155 476.648340
251.883621 344.856319 294.274273 293.307066 339.680290 264.866467 383.852959 251.802092 423.577347 242.302151 352.023087 318.063669 433.982544 317.897730 486.443596 318.514109 527.944641 321.520758 349.666786 366.894836 440.845222 387.007914 500.500336 392.174206 545.227966 393.035660 345.039978 404.424677 427.819138 435.439882 485.205383 444.879484 526.726837 448.313484 339.155350 426.865826 398.167152 457.576618 434.887848 469.354706 465.021362 475.964642
249.380493 346.778812 288.727493 293.923588 335.729370 263.255539 381.532135 251.123829 422.096901 241.626320 347.744942 317.460909 430.653191 317.388096 483.521500 317.539816 526.306839 320.151844 345.301018 367.412109 437.218475 388.083344 497.761726 393.004990 544.858627 394.400969 340.828400 406.368599 424.876785 438.322506 483.257027 448.342323 526.364899 452.404060 335.365105 430.133171 396.191978 461.008759 433.721123 473.163586 465.046234 479.742050
246.801224 344.220600 292.915688 297.724972 346.498070 270.463858 390.377312 260.828390 429.136696 259.354477 354.760704 291.016788 436.971779 291.482534 487.464485 297.133913 526.209869 306.022940 345.121346 333.914051 443.389816 350.610037 503.231239 366.694164 547.780685 379.051695 333.115273 377.454414 424.935150 408.740530 482.300339 430.178061 526.214218 443.318167 320.203362 413.745832 388.263779 451.932364 426.794434 473.783054 459.060135 487.753201
248.747311 336.700544 299.544811 303.199253 352.780724 294.934101 398.224335 307.962399 428.606339 326.639986 370.143738 283.424063 442.239456 280.403395 485.923080 294.189548 515.074997 309.897480 357.112732 309.398003 448.841934 320.198221 505.141258 342.542610 540.579758 364.944592 340.917358 347.088118 429.452515 369.943600 484.643593 393.827305 522.825813 413.657856 324.486198 390.854988 392.708931 434.431915 425.826263 461.495333 451.582298 480.329647
252.960587 348.278217 304.722748 321.596203 355.597801 310.783968 397.892265 320.563946 427.584801 337.802439 375.107002 295.611191 454.809990 299.524984 498.531952 322.222137 523.731766 343.996983 359.892273 313.145170 453.512421 326.215496 508.218803 356.912670 539.904175 385.982609 341.998024 345.250368 432.949905 359.888420 485.639191 387.642946 518.844757 410.272551 324.675293 386.378603 387.563286 426.191025 422.799950 452.493181 447.993088 470.894594
251.580296 352.177763 305.088787 330.729103 359.216614 321.213112 402.671242 332.469521 434.862480 349.175262 379.836388 302.875128 462.093353 320.642309 507.399750 345.423946 534.565506 368.867769 362.344742 320.044727 456.279831 334.460735 511.352272 366.997719 546.482277 396.717854 343.635254 350.376892 433.572159 365.772429 486.435661 395.419893 522.059021 418.557930 325.048065 389.031315 385.077934 429.530382 418.599243 455.470333 443.249702 473.464022
243.989029 344.357328 296.548080 329.267807 352.224236 319.280233 395.375862 329.291410 425.136299 347.746611 373.866920 302.127457 459.321022 317.540760 506.177979 345.006838 535.496826 370.290470 360.149727 314.920921 458.309021 327.084160 512.674408 362.342091 546.714783 393.621655 342.806740 342.379646 438.100014 355.091200 490.332794 387.234335 525.331802 413.405743 324.875565 380.579367 385.028763 420.352106 419.970627 447.194281 446.851158 466.946669
235.661201 345.608625 293.445873 357.758017 352.180901 357.404308 393.263741 369.533844 422.478676 380.687685 379.018211 312.541809 458.435516 323.444967 505.964432 348.393402 537.700500 371.334314 362.048264 314.276104 457.078056 324.369049 509.482498 359.923525 543.074608 391.996679 341.545906 334.127140 437.561111 342.708292 489.853783 373.474388 526.486588 398.521214 322.845001 368.190794 384.217987 404.413176 421.832962 434.195709 451.141129 458.833923
235.533314 345.675774 302.055912 350.677214 354.754105 351.237316 390.967026 361.071682 421.763725 375.593119 385.961342 308.868885 461.951256 324.311600 507.576447 347.041683 537.430611 371.491842 370.534515 318.412685 458.010178 326.151009 509.517326 358.533669 543.263626 392.246161 349.802094 339.935360 436.684341 348.241997 488.329697 374.794893 526.205826 400.332699 330.592003 374.348602 385.979462 408.186407 422.128983 436.710234 451.472549 461.651917
237.091370 349.155550 308.506584 368.052406 360.059471 372.963381 393.354378 381.678400 427.177505 394.032383 391.152954 313.564568 465.248070 322.673693 508.976021 345.475187 538.318596 370.368032 375.150719 321.034212 462.310944 323.355160 511.793594 355.931625 546.408310 389.771461 354.426804 339.678526 440.782814 344.480953 489.889832 373.494186 526.109657 400.854292 335.707970 370.818758 389.758987 401.522226 425.414162 430.776443 453.464622 457.143459
233.730907 347.624817 288.766975 360.358744 345.324364 356.853533 387.594070 365.756950 420.808640 376.432543 372.337952 309.104319 455.744324 309.989491 497.055588 336.876554 520.615463 361.248322 358.618927 310.749550 459.001617 328.444777 504.233170 375.075130 524.168549 414.585228 341.873360 329.159946 440.501862 349.615088 486.569519 393.701363 511.440086 428.560610 325.036812 359.624462 390.358582 396.032038 425.283585 430.486736 447.765274 458.806229
238.854332 345.530205 293.727455 346.123552 350.505066 339.739037 392.416077 349.674397 424.039383 365.763302 377.807426 310.148993 454.891663 314.323425 493.325119 334.311705 518.553581 351.043482 362.909660 313.139019 459.701881 336.218004 504.108124 379.315996 527.827034 416.114016 345.058670 332.352476 441.111145 357.018414 486.605606 400.733356 514.460678 435.741692 326.591835 362.462683 387.791824 403.332453 421.570778 436.633358 445.786018 463.156700
238.493347 349.529686 289.596634 345.196295 345.659409 340.017958 386.780090 350.875654 417.940445 368.143501 373.431702 312.809858 451.712646 314.770832 494.026566 330.206623 523.161621 344.664631 361.579971 316.575279 460.166245 337.196903 509.549904 374.972162 538.940201 409.462681 345.801697 336.170168 444.882736 358.686018 493.630905 396.756420 525.608177 429.321470 328.550682 367.194414 390.953712 404.815722 424.504700 436.115971 449.835548 462.132597
239.470749 351.848145 290.758896 342.903185 346.600380 336.731730 387.416954 346.598768 418.339462 364.469233 373.599968 314.655619 452.627487 316.239080 494.372787 332.272682 522.648010 347.626791 362.442474 320.232468 461.551857 339.863949 511.406326 376.220741 541.164894 410.043011 347.316208 340.590878 445.875092 361.483469 495.522995 396.160440 528.608704 426.564760 330.484276 371.666508 391.444130 408.594017 425.131836 438.196650 451.186295 463.013277
237.568245 352.875853 295.168076 376.075144 351.286087 375.032301 393.637505 382.894764 427.622299 391.766567 379.029312 317.531290 454.431725 316.049366 496.125565 330.700035 524.902039 344.673100 367.167969 318.024817 462.287445 336.502390 511.611404 374.445705 540.347404 409.884224 351.095581 334.962845 445.470848 356.832962 494.578857 393.052168 527.424393 424.572887 334.508858 363.874798 393.187904 400.296850 426.679306 431.236038 451.878586 458.165159
238.925858 352.534990 298.619595 382.803555 353.010941 382.453480 394.611473 388.742809 429.747086 395.850163 379.491730 315.473013 455.273972 312.485876 496.372185 329.246149 523.730278 345.586252 367.368584 314.823618 463.141479 331.147556 512.447357 368.815241 541.313782 404.095545 351.993561 331.282282 446.733742 352.416401 495.936699 388.627796 527.738914 420.179701 335.840836 359.974680 395.935936 394.722948 430.593643 424.938498 456.412506 451.581516
242.753525 353.633938 306.770420 384.520454 357.003860 386.140537 395.287514 393.413486 429.955597 400.583868 381.758690 316.301022 456.263123 311.982708 496.752090 331.018953 523.173218 350.617361 369.460373 316.436920 463.198853 328.254061 512.567291 366.126280 541.895561 401.982279 353.995399 332.087116 447.139282 347.854786 496.026840 383.255196 527.582397 414.628658 338.412666 359.699821 398.205414 389.335270 433.353577 418.178158 459.091110 444.640846
246.036873 352.194958 305.900860 387.253475 359.606743 389.710836 398.743134 400.738163 432.304497 411.529398 386.060791 315.417137 463.954849 324.200907 507.308121 353.715219 535.510597 380.256329 373.081360 313.864403 465.861969 324.405413 512.972488 364.293137 540.799561 399.732885 355.794373 329.700136 447.182655 342.909451 493.816643 381.592970 523.152771 414.259157 337.517776 359.918375 399.904671 389.077463 436.203537 418.572979 461.863785 445.102444
247.583618 349.486799 308.944893 387.441730 360.090790 391.086845 397.901344 401.831760 431.134529 410.511446 385.832787 311.262159 463.239784 319.914436 506.281166 348.099775 533.938599 374.291582 373.792038 310.481987 466.242256 321.279860 513.013611 358.194237 541.317482 391.567554 357.626953 326.860828 449.373741 339.554672 495.959091 374.846363 526.292953 405.123940 340.620003 357.791491 402.100410 385.621891 438.867188 412.615786 466.472778 437.509060
246.865997 350.151157 308.043232 385.736275 360.014381 386.593151 397.191505 394.288330 429.732819 400.006170 385.475502 310.252132 463.118324 321.439705 506.997375 350.128269 535.202980 376.262226 373.004799 309.486494 465.361404 321.848316 512.825584 359.412403 540.916443 392.957296 356.810188 326.011534 448.016739 339.077883 495.595551 374.612875 525.747566 404.759073 340.474358 357.074947 402.532310 384.434967 439.884529 411.435099 467.025909 436.356697
248.430061 351.798277 311.083698 382.249975 362.346535 382.488441 398.426361 389.228554 430.622292 393.759413 387.924538 312.363453 464.304466 322.088699 506.305161 350.237274 533.719025 375.177498 374.758682 312.656050 465.821419 321.986961 511.888962 360.472555 539.014893 394.540958 358.158035 328.575411 448.675613 339.792538 494.721947 376.286287 524.919167 406.842070 341.835136 358.089495 402.639923 384.842777 439.104233 412.015371 466.044540 436.937199
250.186996 352.125778 312.506485 383.479900 364.620934 384.015512 401.578712 391.966352 434.006767 398.472834 388.135109 311.771965 464.953651 321.379337 508.543549 349.447260 537.115402 374.721222 374.902840 311.998959 466.737671 321.470804 514.248352 360.206738 542.579269 394.576006 358.223076 328.301325 448.988647 338.113604 495.766830 374.455662 525.802040 405.079679 341.832352 358.193092 402.928619 383.515034 439.632263 410.523891 466.170273 435.626163
244.759407 348.469563 313.350067 381.729183 363.459015 380.034857 394.927750 383.998575 423.118286 391.201372 388.169670 307.587175 452.279434 334.493036 490.195999 364.698801 518.128662 391.360617 377.952271 306.889257 460.428543 329.210386 507.642479 362.366381 542.072868 390.344296 362.570534 321.324291 445.303535 333.750143 493.457756 362.766352 529.048042 385.715790 346.556625 350.041637 407.452126 366.046371 445.901146 383.951454 475.288315 401.310740
248.834305 346.980886 320.328979 379.074812 364.898911 380.788937 389.799614 385.842876 413.451996 396.367579 391.182175 307.112761 454.177246 338.123589 480.446815 373.231230 498.403511 405.386009 379.019279 306.838703 461.306953 328.876591 504.345703 363.493452 534.678574 392.308531 361.883202 320.140572 445.058708 331.635904 489.972038 357.910080 523.759117 377.689075 346.773415 345.530548 403.578644 355.415554 441.169052 368.956604 471.285667 383.713789
251.651726 335.519772 314.492455 361.806049 357.009277 360.328932 383.070869 365.700588 403.283997 383.412523 388.446770 291.222639 447.900391 318.954248 469.253502 352.203856 482.679863 382.653265 378.344803 289.629679 461.104126 308.244638 503.603020 337.021923 536.162643 361.603289 363.778038 301.194878 446.135979 311.712341 488.732452 334.397650 521.392555 352.471991 350.817299 325.979261 406.430359 331.478977 442.948723 340.774670 474.832993 351.555233
257.787819 323.198147 323.945274 345.731850 366.701736 344.472456 390.970116 348.711948 413.259506 365.959854 392.779617 275.876169 451.915398 292.128553 484.478836 313.383551 509.365425 336.048889 380.157967 275.215645 461.624756 287.204790 505.728302 312.162209 541.747437 334.352331 365.071640 286.812544 444.633141 292.513762 486.983833 311.178417 520.654907 326.446609 352.932129 309.588690 406.672173 307.972584 443.413773 314.492741 475.554199 323.685493
257.133446 306.659403 321.138573 324.218988 362.160797 320.918741 386.162682 321.636858 404.197578 332.326670 385.318146 251.472502 445.400352 259.632483 477.528343 277.476654 499.915237 298.693686 374.824982 249.085264 455.933418 254.578829 499.621239 275.731287 532.824097 295.546246 362.468910 258.212929 444.215584 257.393246 485.089073 275.359468 516.457558 289.734421 353.469391 277.473021 406.118698 271.100492 442.050285 271.235704 474.097939 273.718214
257.693081 289.748611 325.248184 305.382957 363.197899 304.178982 385.200500 305.859489 405.869598 320.025501 384.689713 235.876379 439.033089 263.817387 444.692383 297.871885 440.515366 329.281139 372.182198 235.197344 453.294144 241.036806 493.227844 263.045483 521.509514 282.592077 356.457291 243.429966 441.133423 238.130822 482.896233 249.092703 515.573540 255.132666 348.113747 259.471321 398.058624 249.240217 433.681793 244.592829 467.477798 240.164366
258.079643 279.572439 322.984848 294.422407 362.567177 291.671534 384.439507 292.607775 403.681946 307.502117 381.505814 224.013262 434.632149 246.441479 441.687584 277.975016 441.066856 306.486368 369.549446 223.116102 448.015594 230.065355 481.449738 255.617380 503.342819 278.173828 353.800659 231.270618 432.952118 226.278934 473.911400 237.572765 505.351753 244.167967 344.154663 247.498884 391.749039 236.668553 426.722603 233.629360 458.874016 231.282034
258.546829 271.978827 319.313221 287.861109 360.493927 283.950462 384.953003 283.710651 402.588882 298.932009 381.324806 221.997528 432.095413 243.890734 431.731606 275.433969 421.134987 303.829250 371.073456 217.441607 445.256767 221.749692 484.739113 237.752080 513.727379 252.725172 354.542694 221.410189 431.966286 219.564385 469.978905 228.430510 500.879288 233.224382 342.405739 233.444381 386.478996 224.211173 418.874016 218.512945 450.633354 213.199596
259.392338 273.909388 321.629028 287.914867 360.993080 285.463829 384.932785 287.600899 405.513382 303.638849 380.869827 220.398617 431.724091 245.673609 430.278053 276.713991 419.118919 305.493851 368.049126 216.021295 443.207436 222.057824 478.775177 241.546612 504.585876 261.205959 350.273781 221.307535 427.751846 220.579376 466.163864 229.637446 498.586502 235.835452 338.213997 235.908394 378.997307 224.369874 410.393372 217.557664 442.705956 212.232714
260.093117 272.926941 325.469284 286.472311 365.762024 287.025404 391.140938 289.860535 414.454994 306.200581 384.425697 222.526903 437.627563 238.022203 451.014557 271.613445 457.757111 303.186150 367.663040 219.646325 439.687233 239.603834 458.219986 281.160250 462.049713 313.201790 347.597160 225.197411 419.830017 241.542435 438.070526 280.925360 444.528732 307.641993 331.637268 237.578530 374.549637 231.821179 406.350975 231.746035 432.221451 233.146076
253.965187 276.883936 314.800282 290.245657 355.306435 288.360043 380.575562 291.491261 402.641144 306.698914 370.053711 225.866146 416.505852 247.608347 419.694366 277.769108 415.113258 303.967724 359.227295 222.342138 418.951149 244.121447 419.708557 281.956272 410.611496 311.120453 343.930702 227.518387 402.143326 240.483999 412.589340 265.995913 415.638771 281.918106 330.690994 237.781405 370.614738 231.902418 400.470200 230.736208 426.987686 228.797894
257.273178 273.336496 317.247009 288.048077 358.285561 287.084198 382.829933 290.453396 404.670525 301.489792 375.281830 230.101147 421.172028 249.641275 417.519951 283.327332 406.102448 309.403982 362.429924 226.864214 424.583778 245.982399 417.427635 285.777426 400.717697 312.264032 345.746803 230.491033 404.606934 245.911818 404.267578 279.762239 396.758041 298.504028 330.927238 237.299309 372.647591 231.125679 402.477074 229.381027 428.266869 225.367069
257.320576 273.019381 314.124737 289.053726 354.551201 286.162777 378.335266 287.126713 397.127609 297.950764 374.034348 230.782070 420.363770 248.708553 415.466270 282.353611 402.707138 307.985573 361.929779 226.640682 423.890343 246.443481 414.034538 286.790371 396.131477 312.097864 346.113930 229.431639 404.345322 244.622784 403.160477 280.301857 395.114021 300.758858 332.082939 235.584984 373.064728 228.815303 401.740417 226.538844 426.562195 221.973095
258.755207 272.193203 315.975952 287.145910 355.892525 284.232674 379.812393 285.034590 401.052666 292.123003 373.632545 232.285938 419.970551 246.947165 412.460213 280.101357 397.090111 304.831295 362.032738 227.788725 424.300461 245.231037 411.770325 285.308132 391.909866 309.954243 346.935577 229.284468 405.213318 243.904066 401.102448 279.693289 390.518074 299.714069 333.122253 233.764830 373.174973 225.507903 400.674133 221.899939 424.344749 216.103177
260.073586 276.261635 318.789425 289.892092 359.818802 286.114283 385.651207 285.156155 407.305794 287.356424 378.065491 231.306796 422.162933 249.190435 411.326218 284.227238 395.243759 308.667383 363.563805 226.721363 425.639725 247.140198 411.240311 288.665972 390.888100 312.545614 345.532684 229.774647 404.036179 247.951870 398.815460 285.128717 386.982841 305.110474 329.260178 237.307448 368.345337 229.435673 396.780853 223.330450 420.613976 214.122863
261.316452 275.839891 318.305950 289.795418 357.482758 286.858749 380.606651 286.185465 401.978493 288.981428 376.769791 232.673836 420.116043 251.072588 409.846230 285.607510 396.066551 309.857740 364.748650 229.024944 424.167366 250.396357 410.253448 289.792957 391.054077 312.886190 348.334389 231.347909 404.637337 251.290541 398.909607 287.349815 387.538872 307.176590 333.227539 237.590075 371.590271 232.536435 399.394760 228.427477 423.192215 221.976557
262.129631 275.359154 321.071854 288.046932 360.306358 282.781048 383.540344 280.359335 403.110199 277.508011 374.309273 224.859781 421.575012 228.454971 417.215729 268.450756 398.124046 294.178848 362.079620 221.392193 421.442337 240.355282 412.273216 285.884743 388.906288 305.045671 347.703285 225.840411 403.483620 246.438389 397.679749 289.363146 380.228996 307.668943 332.553177 235.881743 378.564835 241.959486 390.453224 267.433691 387.492065 286.049280
256.814919 276.807489 321.631165 289.546967 364.054298 275.333805 390.503311 261.369181 412.944527 246.297140 370.876694 216.534448 424.944534 233.738036 411.542397 270.041342 389.302521 285.722952 359.543190 213.368526 421.426086 248.037014 403.709068 288.260393 379.532318 300.113525 345.336952 220.614738 401.019287 255.783377 383.475494 292.325020 363.155441 300.870609 329.362183 236.241331 375.239639 257.302094 370.121307 281.620617 358.005524 291.619263
254.499321 279.652090 320.749588 294.485893 365.685272 275.746908 393.250999 255.330048 415.846481 234.342713 370.483475 220.331354 423.142624 237.284031 408.705864 274.591026 385.176773 291.004286 359.195633 215.306625 421.421700 249.654465 401.610107 289.765835 378.079758 300.294113 345.539589 221.544828 402.998695 257.152176 382.790222 291.964245 361.360245 299.375782 330.530090 237.490940 376.053162 260.877829 364.761162 281.741409 349.099121 286.959400
255.962067 278.155375 321.791725 293.154573 367.672882 275.090160 393.788223 251.767788 414.046021 230.860376 373.208008 219.877324 425.062523 235.819502 410.409241 271.006851 387.674599 286.831942 359.854279 214.837661 420.419998 251.068697 399.220276 288.872566 376.095352 298.185768 344.869347 220.708351 401.516609 257.887831 379.807739 290.939226 358.667793 297.769918 328.776131 236.499381 374.419556 260.962801 360.934486 281.751080 344.565277 286.788940
254.993896 280.559664 320.335884 294.591351 366.200790 274.265099 393.947144 251.367130 417.312546 229.198508 371.140633 220.672917 423.519096 235.466723 410.054855 272.548456 387.349434 289.715881 358.674278 215.908442 420.948601 250.157976 401.877060 289.800682 378.818550 299.917831 344.358788 222.678566 402.286224 257.363262 382.863083 291.785660 362.065773 298.868008 328.766098 238.752766 374.861641 262.363272 362.463341 283.193407 345.988579 287.870493
253.807755 282.127619 320.132141 295.493546 366.663475 276.173401 394.319611 253.756084 416.860123 232.638130 371.058731 222.574139 423.375015 241.299448 408.358459 277.415657 385.032768 292.970810 358.699341 218.102846 421.245117 252.996683 401.497612 291.814384 377.897377 302.235432 344.447861 224.881167 403.049927 260.109930 382.929535 294.647598 361.477051 302.789469 328.804665 241.480951 375.221634 264.127607 363.669624 284.937057 348.024139 290.611153
254.182930 282.922754 321.475182 297.663002 366.641083 280.965500 393.552895 261.035957 413.702965 241.802616 371.604080 225.050383 424.275131 244.006863 408.895531 276.069546 385.958481 288.799353 359.091301 220.952482 420.348816 257.314224 399.095993 292.332144 375.926094 299.544153 343.994370 227.626376 401.391983 264.050417 380.418396 296.016970 359.319344 301.881466 328.006706 244.135866 373.560371 264.505262 363.520203 284.744654 349.604149 291.138325
255.559464 285.697289 320.719452 302.945967 363.159790 297.679710 397.055283 297.967987 421.043167 296.261272 370.664101 225.492196 423.353462 241.656446 407.845383 271.692381 391.746750 282.335987 358.723946 224.030371 417.673035 263.111916 393.128929 291.571169 372.470322 296.904202 344.463234 234.888110 402.253113 275.522747 379.777832 297.224865 357.775764 299.008255 330.908623 255.683527 378.967133 268.391132 405.199242 282.985983 426.487007 293.867455
258.342361 290.501232 323.262787 301.099434 364.927979 290.440893 395.300331 278.374500 413.910255 264.453907 374.058609 225.740147 425.601730 252.220688 407.043457 284.010057 389.764786 293.223238 358.911667 223.469324 409.524231 275.969181 382.338600 303.043041 363.429222 307.005215 341.499519 236.003351 391.416664 290.635843 361.666336 307.488184 337.803116 304.817162 324.218254 258.049049 371.307144 271.221628 402.356606 278.754272 431.039391 283.628082
260.660896 291.278229 323.424606 303.467417 366.370583 292.445011 397.551346 278.784685 419.040642 264.140224 375.502396 228.893423 424.941406 254.276619 407.198753 283.823948 391.106148 292.250462 359.870796 225.602489 408.682251 278.732214 382.303772 304.830151 362.812500 309.661446 341.892586 237.691913 389.480743 293.008661 361.443748 310.136061 338.794479 308.581781 324.704819 259.239864 370.052681 272.136097 400.646210 279.026670 429.188690 284.245005
260.725708 292.518454 322.580872 305.060492 365.048027 298.259611 399.118309 292.081861 425.019188 286.845016 374.340477 233.393555 425.113029 252.823877 409.016838 283.359632 391.066017 294.315777 359.739685 231.321058 411.123734 281.168404 384.013062 309.337006 362.995071 314.234762 342.528381 244.170284 392.333870 296.295319 365.760803 315.249224 343.893585 313.358488 326.349182 265.995913 370.974884 277.364960 401.334724 283.788786 429.631882 287.865229
260.720539 294.056711 322.194939 303.507185 364.486084 293.742285 395.165482 282.116461 416.650009 271.102724 373.776169 233.699098 425.136948 259.101362 407.723083 289.711618 389.752388 299.944153 359.258575 232.261205 410.587845 283.113012 384.857712 311.676865 364.597664 317.756939 342.315865 245.250607 393.008652 297.826080 367.467232 317.738142 346.013641 317.408724 327.014999 267.228956 371.524277 278.590708 401.201324 284.763565 428.272743 288.713379
256.603355 288.754520 318.339787 303.653841 358.007050 298.850355 382.610435 296.886435 402.841568 297.050800 362.961464 227.447433 418.939819 243.756838 409.871826 278.503275 395.068703 297.382450 351.033058 231.064682 415.653572 262.918797 401.081200 296.599245 383.579025 308.608246 338.088799 247.748880 407.104263 272.181215 401.809578 299.535313 391.283264 308.876610 329.450226 272.009611 374.540863 273.415146 404.116898 274.346638 431.220169 271.873684
253.698807 288.374920 317.721481 303.467703 358.765869 297.974768 384.799042 296.935043 407.071342 296.955957 366.800003 226.495328 422.686119 248.755846 409.170341 278.871059 393.856316 294.321213 351.133347 230.533762 425.864105 262.480917 423.846588 300.273571 418.343430 321.334419 336.895180 246.184959 422.593536 264.349422 447.202148 290.808735 463.779526 305.598507 328.897285 268.058281 377.895622 271.161890 408.162117 272.725782 438.025436 270.301352
253.233223 290.090561 319.398365 298.682327 359.318314 290.475740 386.855316 284.190445 410.159531 272.685957 365.903511 230.150313 422.219353 251.390476 409.593697 280.104475 393.808365 296.439772 351.055260 232.425385 423.207779 257.006693 435.318909 286.211958 441.786995 304.491320 335.195160 246.031237 410.164757 274.860821 403.578720 304.874439 392.993889 319.623871 327.369995 268.213806 377.475700 265.055237 408.162155 261.570740 437.036667 256.060867
255.346298 292.030163 317.893009 303.803015 364.104462 290.061836 395.050964 278.224010 416.344986 263.027601 366.967354 231.466985 425.640450 252.628498 407.944183 279.074335 389.690208 292.426529 350.698509 232.764773 420.553551 260.579195 404.507866 292.683048 387.722244 308.797531 335.958443 246.455498 406.818619 274.196634 392.275162 302.374878 374.406471 313.158331 327.897606 268.117676 377.903938 268.133583 407.222595 264.828987 433.746071 257.487230
257.704678 295.119152 319.649315 307.811050 363.939781 296.402750 393.820267 287.556095 414.603119 274.026804 369.523544 234.691029 425.933685 254.328403 409.279747 282.687263 391.871681 296.302671 354.079285 235.639787 424.391174 262.596731 415.388489 294.005470 406.656532 308.672075 338.614311 248.727407 407.927208 277.181025 387.342262 302.761431 365.189857 310.526247 328.953285 270.185938 376.128006 268.668566 403.953056 265.072432 429.659004 257.934437
255.390663 300.151176 313.186207 311.173410 358.392639 296.009245 388.609581 287.617922 413.853188 277.041979 366.030617 245.331116 420.893402 266.960220 403.632126 296.489096 383.854256 309.639101 353.036690 249.162884 425.630379 275.361958 445.820160 302.202272 459.172134 320.535679 337.159767 262.370739 403.499146 288.954592 392.764626 311.411934 377.817764 322.139053 325.914154 283.687963 369.982872 281.630316 398.226585 280.396070 423.836670 277.708941
253.030548 308.067684 308.495522 324.280128 351.806450 315.411615 382.293510 313.069897 406.231918 308.026342 364.294930 257.262096 422.449341 277.728596 408.696289 308.150568 391.745644 324.050045 351.580925 258.460979 422.546196 286.887560 433.161430 317.361889 439.417305 335.331173 336.032333 271.580858 403.722572 301.732550 390.885010 330.606422 375.040627 344.404421 325.703278 294.545660 373.065796 293.273849 401.314926 294.311113 427.057800 294.223480
251.041279 311.973381 308.317509 326.430330 344.316902 325.839157 364.600525 330.711622 387.427750 343.458195 357.887192 259.153032 412.359619 286.446962 406.524734 312.031746 400.234909 332.277546 343.236542 264.526119 425.013504 272.473955 463.730507 283.878365 497.500000 294.446125 327.243271 279.646711 417.195740 277.039347 455.245667 284.587154 489.777603 288.909416 321.320610 304.213715 365.407410 297.161779 392.036819 292.013941 422.286034 287.684040
233.771629 316.070309 295.183582 327.896404 332.083588 324.950466 356.127663 330.692968 382.249527 344.656935 350.245667 264.187546 409.409561 289.876013 417.750282 318.248577 423.851395 343.785753 333.703766 268.760748 416.078949 279.115963 459.278679 298.634462 492.594986 315.697260 315.701923 285.300608 408.589096 275.771284 450.831032 283.997555 485.347710 287.788696 309.561119 310.564556 355.470619 301.983690 383.321381 294.110842 412.312584 284.717617
232.780228 314.552994 296.540089 327.923899 334.884338 325.158920 357.937698 328.464689 380.834274 336.148195 350.537376 259.915609 404.594421 281.108150 407.637634 306.951714 410.135956 329.095659 335.188789 265.436583 410.244446 267.635822 452.186852 274.849348 489.143753 279.233208 317.668324 280.665092 394.853020 270.894356 436.786652 271.024046 474.477234 268.807096 308.977718 305.388222 348.888206 295.553684 375.687027 288.706484 404.275780 281.567116
232.832756 315.378456 297.197914 325.237198 333.395157 324.392738 353.967400 327.714787 379.444923 337.191238 350.097580 263.884392 399.264450 283.534241 403.443298 307.859087 408.628578 330.687733 335.225563 270.419083 403.594322 267.505531 444.969177 273.221426 482.197266 276.175919 317.540970 284.939060 385.570107 271.522722 428.724823 271.390028 467.178345 268.350134 307.196884 307.459860 343.551826 295.156031 370.927277 289.354248 397.915115 283.741951
231.877632 314.362535 296.380272 325.276051 333.391571 325.116434 356.478386 328.875818 377.889900 339.373198 349.217949 265.740366 395.306549 287.222385 395.282974 311.990604 395.573959 334.288673 334.147224 272.187481 401.042519 270.651255 443.023682 275.646801 479.482040 278.522358 315.268898 286.352863 381.590500 274.214602 424.460106 272.847834 462.371483 270.023375 303.523006 308.471403 337.843285 297.748919 364.116440 293.025341 390.623360 288.007107
231.109447 309.795942 296.166515 325.452833 330.536270 325.939693 352.507515 330.763950 368.291779 341.876392 352.704811 264.076509 405.420799 283.060513 420.389824 298.288364 434.260635 318.606806 334.245224 268.265877 403.465462 267.116547 446.753731 269.088736 483.988113 272.460709 312.541866 281.546831 383.478851 270.312481 423.586273 267.664661 459.800453 265.161867 299.465504 303.032885 334.267654 294.751968 361.186371 289.913750 389.715080 283.679752
235.536537 314.069223 298.352909 328.906488 332.845879 328.696318 353.446846 332.259865 369.787292 343.410673 355.036354 267.935057 406.572342 280.204697 424.946632 290.943289 441.328201 304.811811 338.398056 271.872253 404.753876 268.892784 447.024536 269.906788 484.911079 270.649281 318.196449 284.108419 384.381638 274.110031 426.105347 272.277346 464.343491 269.566069 304.583473 304.892635 338.592949 295.892115 365.729675 291.368980 393.231735 287.608051
234.581089 307.070818 297.294865 325.144358 331.115112 325.220432 352.113724 329.066019 366.972961 340.236740 354.563484 264.364500 408.475151 278.298454 431.836205 285.265474 451.034241 297.980633 335.567398 266.924372 406.180496 264.681616 449.303741 265.256824 486.682091 266.987486 313.793278 278.709068 388.508949 267.363167 427.356949 265.846796 462.215309 263.891888 300.707779 298.735142 336.813927 292.351055 364.158821 287.143993 393.185730 280.466108
234.762974 311.330109 297.801704 325.458984 331.124840 327.616768 352.011223 333.123894 367.706070 346.757984 351.880722 267.931023 394.818573 290.052681 395.194359 311.829700 394.820251 331.415405 336.645355 271.554337 401.863518 269.171734 442.786484 271.775780 478.141785 272.653656 317.296028 282.737989 383.391876 271.819153 424.671135 270.311565 461.929474 267.750950 305.286942 302.646046 338.440857 293.865652 365.293961 289.610739 392.595634 284.382820
232.705803 306.288900 295.833912 325.319996 330.284805 325.644865 352.052422 330.338345 367.159538 342.960663 349.613342 263.112774 400.795403 284.693785 407.621460 300.004520 415.530167 317.114611 331.197853 265.867195 404.120102 267.150307 445.254631 268.465004 481.317482 271.146097 309.853516 277.877426 388.472862 269.596252 426.686287 268.470325 461.019592 266.973009 298.020248 298.687792 334.199791 293.564444 361.171417 288.545837 390.930252 281.863117
239.648018 311.165628 302.805309 324.832363 335.968552 324.105864 357.166100 329.383907 381.827774 337.940969 356.451759 268.936129 405.004845 280.022335 427.979126 288.310204 447.969246 300.073643 339.922752 272.902679 401.199188 266.316376 443.258934 267.124815 482.021561 266.753254 319.848385 285.342808 380.557289 270.807152 419.974365 267.473145 456.177444 264.012880 305.558090 305.310402 335.616188 296.918564 361.919136 294.830217 389.063759 292.155247
238.662376 310.506363 302.087231 324.089870 338.080101 319.503222 359.405251 320.931559 384.073944 316.469707 357.483673 268.440056 404.562340 271.490278 437.166138 273.431425 465.065689 278.512831 341.289825 273.674955 400.732231 267.164898 444.939041 268.085403 484.325409 267.617283 321.523018 287.566509 380.452881 274.606361 416.724129 271.061153 450.019035 267.073174 305.722446 308.802996 335.854111 303.511105 361.452179 303.257389 387.889519 301.686687
230.634918 309.917536 279.274254 316.174879 324.042816 316.218281 356.450081 331.799212 382.015305 345.676289 342.189293 265.745201 398.450890 258.935566 438.122215 257.738714 468.743515 257.967138 329.389534 271.388826 398.120804 268.720236 447.748299 272.826605 486.654663 276.015730 312.314281 288.098831 382.683907 287.468719 427.397690 292.993984 462.893639 295.876064 295.754395 314.700480 336.446953 330.067520 362.497673 340.064106 384.081039 347.810469
231.310120 312.819958 288.937645 301.548443 331.157646 289.974890 363.221931 288.163204 391.916351 288.811941 345.919724 263.924446 396.247177 257.482510 435.302238 253.525257 465.715332 253.067150 332.199821 277.793770 399.141846 274.383059 448.775330 277.428932 488.317528 281.554585 314.819107 300.303612 376.330948 303.839664 422.651367 309.861431 459.131470 316.666889 299.925003 328.917561 336.518250 349.742432 365.233841 364.092178 390.676994 377.590313
235.020447 312.624836 292.056828 301.658192 332.978134 292.495365 364.499626 291.088543 392.644424 291.615257 348.102684 263.522444 396.381035 253.513641 434.744415 249.122200 464.252281 248.186874 335.641022 278.498468 399.797211 271.343079 448.028603 273.451138 488.696823 277.621994 318.846321 300.759029 380.034943 301.423845 425.539055 307.133331 462.528419 315.291281 304.627190 329.315929 338.010750 349.488831 364.855766 363.754807 389.598732 378.059320
235.624599 308.853321 282.982559 286.620827 326.181679 273.073339 361.007843 279.047956 387.526932 287.869463 339.042511 258.249607 393.548775 250.392380 431.914597 245.478716 463.160286 241.057835 326.715508 275.214043 398.168221 276.250019 449.120636 279.000177 490.036163 281.508722 312.060356 302.451925 379.734268 314.533510 428.031273 323.493948 466.005440 330.647764 298.857574 334.280491 340.723343 363.236961 366.591644 381.371555 390.579033 395.222797
230.415611 308.607817 280.341663 280.323801 321.757126 270.384293 355.523911 282.956657 381.717987 296.201191 339.470253 257.674427 392.898216 247.950525 433.059044 243.341675 466.023903 240.105457 329.798737 281.852045 400.199738 284.573650 450.993881 288.828392 492.413139 293.583040 315.267639 314.116259 382.713203 329.745398 430.658035 340.019903 467.441788 349.067001 301.899147 349.044857 346.236038 382.232666 370.624733 405.255318 392.341576 421.373234
229.901619 310.097952 273.899136 274.129086 313.235779 251.486778 346.376495 241.195822 371.767883 227.240939 335.403023 258.618793 393.171310 247.289343 432.514687 240.986223 464.292221 237.004366 327.616310 285.807009 401.864471 288.361158 452.829628 292.144003 492.658157 296.740694 314.941845 319.766293 384.846115 339.533558 433.408699 350.999537 471.709824 361.183720 301.283779 353.967190 351.063690 391.674900 374.831772 415.946960 396.708412 432.641315
232.930813 311.222248 278.340988 269.187841 315.663815 246.324005 349.730988 236.550522 374.843597 219.240603 337.494431 260.822010 395.959549 251.118221 437.674484 245.947151 469.649315 243.476601 330.864525 293.472376 403.629112 299.272213 455.516167 303.661394 493.907547 309.478741 318.839073 327.624922 387.807846 350.149813 435.221748 363.359499 472.460899 375.868292 307.155113 360.082254 355.964012 398.124275 379.377747 423.511534 401.667862 440.846214
234.113846 312.462015 276.060429 271.349258 314.709492 247.170238 348.947449 236.202178 373.023872 218.420634 337.359467 262.546148 396.651154 252.551479 436.981354 246.689587 468.806152 244.030952 330.069427 293.452921 405.236816 299.923067 456.787415 304.934206 495.836563 309.683990 318.324070 327.615852 387.754669 350.422812 435.169868 364.130516 472.710724 375.544853 306.323490 359.557657 356.191254 398.633366 379.655647 423.637190 402.707672 440.487099
235.330086 314.557285 282.740898 272.726870 317.400703 248.921614 347.113571 237.751865 374.577446 218.800507 340.529594 261.257658 397.719269 252.915401 438.369675 247.432995 470.372887 245.590782 334.149017 293.596230 407.339287 300.172606 459.146690 304.817390 498.729095 309.153271 322.050552 327.929420 392.302132 346.173792 440.130234 357.165699 477.129822 367.227516 309.231777 360.191402 358.302689 377.919474 384.127388 389.004965 407.781982 397.438803
234.517117 313.601732 276.138783 272.998638 312.057209 248.812637 344.648705 240.704069 372.903519 222.646952 335.153923 262.324476 398.145981 254.775639 437.407227 250.051460 469.516296 245.920000 330.021400 291.696911 406.309242 299.153709 458.008690 304.525681 496.039124 308.438587 318.504448 324.532442 392.151833 347.082596 439.127769 357.632103 474.958420 365.737667 305.127850 357.636566 365.521889 376.584435 366.381836 373.614006 360.454254 368.499298
234.357529 312.637224 275.432167 273.603401 310.799923 248.866024 344.923439 240.168915 371.320572 221.885262 335.331879 262.039890 398.695564 254.030943 438.047791 249.259186 469.929771 245.725107 330.173187 290.589867 408.333588 298.341608 461.073151 302.838964 497.290192 306.562586 318.653507 323.661575 393.732033 347.117758 439.316025 356.525517 473.031273 364.479275 304.898262 357.356501 362.163811 373.106518 356.575584 365.812569 344.144669 357.915945
234.483490 313.300867 278.693161 274.760485 312.494068 251.106577 344.046211 242.128601 372.174187 223.545799 337.330017 264.268799 398.530846 256.422529 437.431717 250.837355 469.363708 245.749483 332.151642 293.192883 407.252808 300.254173 459.879417 305.364332 497.111320 309.129925 320.813789 325.692759 393.172989 347.970943 438.322563 358.037939 473.297005 366.242237 307.592888 358.219328 362.926216 374.287319 356.220894 367.201080 344.474869 359.807224
232.449322 312.673674 276.208668 274.674225 311.165886 250.630760 344.855804 242.130747 371.982002 224.784508 337.092018 264.658899 399.387436 256.822586 438.559189 251.068382 470.786133 246.367207 331.318398 292.480545 408.507347 299.757099 461.810570 304.611940 498.238792 308.886909 319.528790 325.591192 394.888611 350.253496 439.405289 360.472870 472.365723 369.754601 305.516281 358.660698 361.518402 373.025579 352.641106 363.569040 337.968521 355.298710
232.541962 311.032963 272.674561 275.508642 310.788956 251.841373 344.994202 242.265244 372.095985 225.661926 335.073166 262.540655 398.354797 257.253084 436.797256 251.225767 467.727966 246.801710 327.973785 289.235258 410.241280 297.763338 460.130615 303.936911 493.499756 309.556646 317.025185 323.140869 392.675209 352.442350 422.896423 365.257130 443.447189 375.170860 301.944141 355.934858 357.640572 373.685989 349.729652 367.661190 337.824898 362.274313
229.092102 312.755728 268.932762 274.586363 309.272346 254.526272 345.362511 240.659065 372.196960 226.748343 334.353333 262.588434 397.140045 257.193832 437.176208 249.873705 467.473335 246.561756 329.371414 290.409250 409.827423 298.135872 460.050774 301.941862 493.349800 306.931944 318.333054 322.982454 392.434158 349.884968 378.691559 350.311317 361.297760 346.618423 303.791580 356.471901 359.203568 374.808197 346.066551 369.773712 330.663528 359.766254
227.406845 312.602062 266.794090 275.258818 307.711124 254.971333 343.614426 240.565252 370.812149 226.895471 332.950821 262.909212 396.477432 257.416277 436.389313 249.489784 466.493721 246.292019 328.300362 290.089245 409.501686 298.126888 457.964668 300.875158 491.166000 306.263180 317.414570 322.588921 389.958878 348.904953 372.401047 344.045906 353.180771 337.163143 301.664619 356.646709 357.060852 374.572821 341.153717 367.833509 323.617821 357.558117
227.181206 313.219357 267.301350 275.738926 308.593636 254.932194 343.897934 241.194048 371.229324 227.811027 332.484550 262.454538 395.023727 258.059778 434.822235 250.139294 465.038834 246.615286 326.733589 289.635630 409.023399 298.770590 457.682991 302.087231 491.448212 307.796488 315.835686 322.299271 390.019531 350.082893 372.909813 344.525385 353.481255 337.411680 300.654564 356.298723 357.867851 374.772863 342.721252 367.457256 325.404663 357.143669
229.762421 313.323841 267.407589 276.792326 309.142151 254.707689 344.136162 240.491638 370.604706 226.509790 331.746216 263.318882 395.709305 256.416292 434.968948 248.289242 465.083084 244.358196 325.522995 291.290903 407.486458 303.597708 452.477951 312.437954 483.515320 322.352514 315.482044 323.592682 390.025826 350.522633 372.665176 344.629869 352.586136 337.981310 302.066860 356.457310 358.076591 374.789371 343.428574 366.553745 326.314316 356.814451
234.266987 313.173037 269.895363 276.639175 311.504135 253.359461 346.615791 240.154724 372.572212 225.403175 333.306694 263.283491 396.440468 254.604034 435.220757 248.468571 462.471123 246.189680 324.770699 289.542332 403.829193 314.234848 414.444237 332.878475 409.812584 343.021517 314.470768 322.946920 387.868690 352.503262 379.244461 353.556890 361.250000 348.958712 301.164818 354.863491 359.013023 377.924309 351.839676 371.681957 336.604881 364.283352
236.376743 315.565910 270.787735 278.481188 312.229805 254.715042 345.674934 239.998741 370.349197 223.574882 333.062210 262.830734 394.271011 252.844906 431.537590 247.940741 459.995842 245.828133 325.989189 289.560242 407.069778 316.729975 391.261063 328.126287 368.897476 327.176285 315.330353 322.745018 388.315048 349.098530 369.367905 350.262995 347.884598 343.875732 301.270924 354.655895 359.368858 375.346470 344.422035 370.208101 324.507637 360.345898
236.708012 316.103783 271.559124 280.102301 314.060783 255.808582 348.992119 241.042013 371.801071 222.122498 333.752556 264.866467 395.702362 256.166897 432.644310 252.184725 460.466232 250.437355 326.193047 292.694664 405.241699 319.092007 384.757881 324.113388 360.151596 317.506313 315.578365 324.867182 389.835663 349.370127 368.721466 348.489962 345.373116 342.290726 302.467785 356.133413 359.104729 376.044645 343.028526 369.437799 322.457924 358.951149
237.715950 316.988125 270.884533 281.125317 311.971111 257.022057 346.973000 243.700876 370.157013 226.238050 334.557686 266.317263 396.441650 258.034544 433.177414 253.680182 460.811768 251.599789 327.049828 294.075508 403.673630 320.547667 382.280807 326.174183 358.023834 319.919186 316.379414 326.141424 390.584183 350.918598 368.621674 349.944735 344.815903 343.653975 303.604965 357.032576 357.939224 377.317429 340.275993 370.193481 319.558620 359.360847
237.819786 317.729788 270.800533 281.327734 312.139683 257.922220 346.871796 244.051752 370.204544 226.722307 333.792686 267.002220 397.252769 261.480274 434.709930 260.448074 462.106094 261.432781 326.937943 295.008688 403.693810 321.063766 382.390213 326.690741 357.818604 320.567780 316.694374 327.441216 390.201073 351.643610 368.789482 350.821037 345.174484 344.549990 303.848953 358.272972 358.211594 377.731562 341.493988 370.905390 321.631813 360.400200
235.482559 314.707518 269.407215 277.853193 309.870911 253.510494 344.346504 237.395182 364.772987 217.402983 330.554085 263.720741 392.269516 277.747135 419.385872 291.713591 434.155540 305.107899 323.858337 291.110172 400.491905 314.037409 386.835098 320.050335 366.061974 318.917255 314.034138 323.752069 386.104355 347.331419 367.650490 346.595306 345.503120 340.436039 300.714073 355.507936 356.508675 374.760818 343.182564 368.292246 323.360901 358.265705
237.511692 313.173237 268.786087 277.451506 308.235016 251.026154 339.048615 231.761498 357.326775 209.526329 329.714088 261.290073 395.246277 281.660213 385.599442 295.270958 363.176804 295.930681 322.242126 289.752359 401.894417 310.532627 383.793678 319.492865 358.143349 316.862097 312.121468 321.506596 385.483665 344.253073 366.278152 346.271639 344.376144 339.583740 297.810936 353.217545 358.871155 371.441288 345.454521 368.182611 325.679092 358.990231
240.106163 312.421474 269.102783 276.487627 305.532284 249.140053 332.897530 227.518888 349.901314 204.058743 330.310249 258.849020 396.439514 277.585974 380.559349 288.093653 355.656013 285.877419 323.561172 287.599983 401.065826 308.848658 379.566422 315.602989 353.441734 311.007013 314.060440 319.643297 387.109184 341.962166 364.833641 343.293514 341.648750 336.558638 300.363922 351.412497 357.295532 369.448128 339.997559 365.482836 318.966179 355.546303
237.334232 314.395208 267.517319 277.370167 304.709492 249.460173 331.591263 227.211313 347.709389 202.807245 329.750938 258.420868 395.919266 276.746264 378.633804 286.873970 353.101006 283.419771 323.292122 287.679749 400.040741 309.880142 377.943954 316.391201 352.275124 310.565100 313.861103 320.161400 386.770248 342.013292 363.555069 343.472986 340.360680 335.817661 299.722557 352.264423 355.957108 368.268127 336.743965 364.285069 314.873314 353.821421
238.742943 312.736645 274.114952 275.389967 315.684872 255.008497 350.899963 253.612661 374.248238 266.685305 330.442581 256.765966 393.870087 275.653067 379.294853 285.674944 355.065155 282.520380 322.230949 285.611029 398.433533 309.243393 378.249397 315.952234 353.520699 310.570679 313.970604 318.023386 386.716423 340.580177 365.074539 342.354813 341.196213 334.980955 300.242558 349.984474 357.959213 366.969795 340.587044 362.943106 318.603268 353.344603
232.628574 310.522614 265.072002 276.335764 304.137936 255.076189 339.185104 251.926346 362.621384 264.241877 321.267471 255.924511 385.570068 268.476906 374.037209 285.092754 349.924049 286.847134 314.646893 284.393520 390.549812 302.634888 371.387367 314.799757 346.246529 312.094173 306.527767 316.644917 376.838493 336.949081 356.143990 341.294775 333.307762 334.389296 292.980499 347.795105 348.969574 364.198608 333.267593 361.518259 313.021030 352.156706
194.638405 303.416519 236.491241 291.875925 275.623112 286.521349 307.971954 288.164434 330.600548 285.937958 273.112411 239.358130 319.488506 214.655142 343.372841 219.476767 354.687271 229.079347 265.157242 243.157768 318.849411 220.821176 345.773582 234.592752 354.915543 251.219988 258.994980 257.465515 310.226326 240.933867 336.353073 252.837896 348.382225 266.970491 254.942207 281.441031 293.689270 281.774569 316.332893 290.485926 330.678368 299.861069
-1.000000 -1.000000 -1.000000 -1.000000 -1.000000 -1.000000 -1.000000 -1.000000 -1.000000 -1.000000 -1.000000 -1.000000 -1.000000 -1.000000 -1.000000 -1.000000 -1.000000 -1.000000 -1.000000 -1.000000 -1.000000 -1.000000 -1.000000 -1.000000 -1.000000 -1.000000 -1.000000 -1.000000 -1.000000 -1.000000 -1.000000 -1.000000 -1.000000 -1.000000 -1.000000 -1.000000 -1.000000 -1.000000 -1.000000 -1.000000 -1.000000 -1.000000
-1.000000 -1.000000 -1.000000 -1.000000 -1.000000 -1.000000 -1.000000 -1.000000 -1.000000 -1.000000 -1.000000 -1.000000 -1.000000 -1.000000 -1.000000 -1.000000 -1.000000 -1.000000 -1.000000 -1.000000 -1.000000 -1.000000 -1.000000 -1.000000 -1.000000 -1.000000 -1.000000 -1.000000 -1.000000 -1.000000 -1.000000 -1.000000 -1.000000 -1.000000 -1.000000 -1.000000 -1.000000 -1.000000 -1.000000 -1.000000 -1.000000 -1.000000
-1.000000 -1.000000 -1.000000 -1.000000 -1.000000 -1.000000 -1.000000 -1.000000 -1.000000 -1.000000 -1.000000 -1.000000 -1.000000 -1.000000 -1.000000 -1.000000 -1.000000 -1.000000 -1.000000 -1.000000 -1.000000 -1.000000 -1.000000 -1.000000 -1.000000 -1.000000 -1.000000 -1.000000 -1.000000 -1.000000 -1.000000 -1.000000 -1.000000 -1.000000 -1.000000 -1.000000 -1.000000 -1.000000 -1.000000 -1.000000 -1.000000 -1.000000
