-0.062636 0.059589 0.241925 -0.024243 0.075332 0.262584 0.010653 0.083432 0.270716 0.035854 0.089790 0.263252 0.056832 0.098179 0.257681 0.025691 0.045720 0.236620 0.060892 0.048827 0.218645 0.081395 0.058229 0.206766 0.093659 0.068770 0.196427 0.013606 0.040876 0.212945 0.049855 0.040120 0.186376 0.071117 0.053379 0.173213 0.083029 0.066245 0.165262 -0.000009 0.044345 0.193414 0.031677 0.044644 0.167885 0.050806 0.055885 0.154858 0.060476 0.066929 0.147234 -0.012247 0.052735 0.178152 0.007164 0.057739 0.153267 0.018872 0.065040 0.137271 0.027301 0.072938 0.127666
-0.059788 0.059377 0.239599 -0.018866 0.076028 0.262444 0.014947 0.084042 0.270061 0.038568 0.089155 0.263220 0.060005 0.095905 0.256456 0.030623 0.044958 0.237831 0.066118 0.047129 0.219222 0.086877 0.055656 0.207834 0.099522 0.065344 0.198362 0.017906 0.040804 0.213920 0.054080 0.040468 0.188085 0.074148 0.053823 0.174486 0.085673 0.066816 0.165249 0.004387 0.043669 0.192877 0.035308 0.045837 0.168346 0.054796 0.056737 0.154785 0.065664 0.068054 0.147336 -0.007792 0.051007 0.175625 0.012325 0.056288 0.150872 0.025378 0.063245 0.135547 0.035377 0.071052 0.126945
-0.060607 0.057887 0.238964 -0.017841 0.075304 0.262599 0.015716 0.083610 0.270249 0.038940 0.088566 0.263318 0.060735 0.094284 0.256252 0.031163 0.043311 0.238186 0.067481 0.044388 0.219407 0.087891 0.053488 0.208030 0.100051 0.063465 0.198789 0.017898 0.039154 0.214328 0.053757 0.038575 0.186365 0.073337 0.053792 0.173645 0.084206 0.068055 0.165668 0.003799 0.042071 0.192957 0.035028 0.043771 0.166323 0.053406 0.055704 0.152710 0.063361 0.067536 0.145464 -0.007942 0.049398 0.176179 0.011553 0.054609 0.149756 0.023444 0.062042 0.133392 0.032253 0.070100 0.124059
-0.056243 0.055901 0.242305 -0.012421 0.074765 0.264217 0.018841 0.083835 0.269768 0.039833 0.088739 0.262861 0.061981 0.094507 0.255943 0.035101 0.040875 0.238523 0.069668 0.041831 0.220806 0.089337 0.050882 0.209984 0.101331 0.061288 0.200862 0.021714 0.037480 0.214965 0.056944 0.034824 0.188632 0.076738 0.048880 0.176828 0.088927 0.062365 0.169435 0.007444 0.040126 0.193846 0.036899 0.040613 0.168653 0.055385 0.052176 0.155582 0.065943 0.063912 0.148836 -0.004638 0.046964 0.176891 0.013752 0.051250 0.151280 0.025462 0.058434 0.135441 0.034393 0.066533 0.126435
-0.059381 0.056668 0.238225 -0.016540 0.075507 0.262026 0.015746 0.084051 0.269271 0.037829 0.088199 0.262779 0.060104 0.093157 0.257442 0.032287 0.041278 0.238649 0.068590 0.041869 0.221159 0.089264 0.050249 0.210240 0.101787 0.060374 0.201096 0.020148 0.037407 0.214256 0.056318 0.035210 0.189325 0.076925 0.048378 0.177461 0.089073 0.061563 0.169569 0.006738 0.040211 0.192502 0.037152 0.041025 0.168738 0.056508 0.051540 0.156427 0.067140 0.062822 0.149680 -0.005403 0.047531 0.174934 0.014238 0.051933 0.150962 0.026200 0.058868 0.135897 0.034841 0.066869 0.126881
-0.057666 0.056696 0.241695 -0.014238 0.075936 0.264743 0.018003 0.084866 0.271260 0.040263 0.089456 0.264898 0.062669 0.095002 0.259123 0.034543 0.042138 0.240777 0.070712 0.043601 0.223040 0.091148 0.052186 0.212002 0.103271 0.062574 0.202963 0.022168 0.038410 0.216454 0.058306 0.037188 0.191624 0.078268 0.050997 0.179330 0.089877 0.064896 0.171573 0.008683 0.041111 0.194984 0.039602 0.042047 0.170590 0.059087 0.053111 0.158592 0.069927 0.065222 0.152431 -0.003194 0.048336 0.177924 0.016418 0.053166 0.153408 0.029384 0.060725 0.139324 0.038739 0.069673 0.131737
-0.054438 0.057392 0.243621 -0.011102 0.076947 0.265856 0.019817 0.087355 0.272423 0.040331 0.093609 0.265923 0.061985 0.100601 0.259127 0.038043 0.043102 0.242937 0.073635 0.044642 0.225502 0.093271 0.053753 0.214464 0.104724 0.064637 0.205149 0.025653 0.039231 0.218646 0.061546 0.037127 0.193814 0.081247 0.050872 0.181262 0.092444 0.064724 0.172827 0.011948 0.041654 0.197264 0.041825 0.041910 0.173165 0.061355 0.053097 0.160308 0.072010 0.065340 0.153464 -0.000251 0.048363 0.179772 0.019113 0.052374 0.156267 0.032072 0.060201 0.142242 0.041089 0.069650 0.134938
-0.057694 0.058364 0.242215 -0.014717 0.078773 0.263912 0.017757 0.088044 0.270732 0.040345 0.093304 0.265008 0.062614 0.099013 0.260192 0.035621 0.043868 0.241956 0.073036 0.045264 0.224796 0.093762 0.054145 0.213906 0.105957 0.064526 0.204544 0.023472 0.038543 0.217879 0.060906 0.037605 0.193394 0.081117 0.051098 0.181161 0.092740 0.064492 0.172413 0.010061 0.040677 0.196687 0.041514 0.041446 0.171602 0.060953 0.052353 0.158468 0.071483 0.064191 0.150805 -0.002128 0.047993 0.179355 0.018628 0.051855 0.154842 0.032200 0.059473 0.141021 0.041707 0.068708 0.133750
-0.055005 0.056208 0.243286 -0.011061 0.075743 0.264963 0.020808 0.085142 0.270964 0.042144 0.091181 0.264651 0.064263 0.098228 0.258941 0.039232 0.042755 0.242212 0.074851 0.044444 0.224819 0.094446 0.053252 0.213680 0.106024 0.063617 0.204433 0.026205 0.038265 0.218429 0.062633 0.035652 0.192633 0.082179 0.049064 0.180506 0.093410 0.062287 0.171878 0.011894 0.040193 0.197358 0.042082 0.039990 0.170956 0.060858 0.051031 0.157683 0.071034 0.062890 0.150097 -0.000579 0.046698 0.180448 0.019028 0.050187 0.154929 0.031826 0.058012 0.140288 0.040848 0.067188 0.132402
-0.055002 0.058189 0.243402 -0.011555 0.078676 0.265195 0.020833 0.088107 0.272235 0.042821 0.093426 0.266081 0.064369 0.098376 0.261334 0.038515 0.042810 0.243655 0.075538 0.044229 0.226970 0.095878 0.053033 0.215855 0.107719 0.063353 0.206331 0.026206 0.037491 0.219170 0.064134 0.035453 0.195415 0.084429 0.048522 0.183235 0.095605 0.061903 0.174470 0.012824 0.039500 0.197966 0.044891 0.039201 0.173925 0.064869 0.049739 0.161113 0.075458 0.061406 0.153681 0.000934 0.046660 0.180930 0.021704 0.050352 0.157449 0.035158 0.057898 0.143725 0.044488 0.066961 0.136575
-0.054077 0.063750 0.244377 -0.013921 0.070843 0.268562 0.022818 0.073546 0.278241 0.048919 0.077730 0.272335 0.069796 0.085785 0.267110 0.035173 0.042648 0.237703 0.073708 0.045845 0.219582 0.094715 0.054642 0.210132 0.107273 0.064833 0.201944 0.022973 0.042467 0.214534 0.061808 0.042620 0.189301 0.084389 0.055571 0.179057 0.098377 0.068795 0.173416 0.009698 0.049328 0.195340 0.044087 0.051857 0.171712 0.064058 0.063135 0.160793 0.076223 0.074519 0.155115 -0.002092 0.060640 0.180713 0.019103 0.067923 0.156281 0.031338 0.076202 0.142206 0.040940 0.084892 0.134429
-0.050617 0.069397 0.243249 -0.009005 0.071317 0.270122 0.027298 0.071621 0.277653 0.054487 0.074815 0.271052 0.076102 0.082005 0.263942 0.037074 0.044909 0.234155 0.073954 0.046843 0.215747 0.092750 0.055623 0.207945 0.103159 0.065234 0.200959 0.023141 0.049830 0.210598 0.061992 0.051710 0.185468 0.083101 0.064438 0.174964 0.095455 0.076812 0.168504 0.009172 0.060367 0.191896 0.043384 0.066017 0.169376 0.062778 0.078627 0.160080 0.074747 0.090364 0.155513 -0.003131 0.074383 0.178638 0.019551 0.083466 0.158058 0.032437 0.092760 0.148803 0.041946 0.101933 0.144849
-0.048683 0.071996 0.254550 -0.006481 0.060782 0.274094 0.025919 0.056346 0.274598 0.051206 0.061667 0.268612 0.072054 0.068202 0.262829 0.032462 0.040945 0.223761 0.067774 0.037272 0.206825 0.089333 0.042457 0.202493 0.104342 0.049773 0.200297 0.021356 0.055014 0.207468 0.057311 0.054327 0.180619 0.080667 0.063473 0.172011 0.096317 0.072778 0.168165 0.010573 0.072332 0.197501 0.042606 0.077032 0.173203 0.062741 0.085852 0.163319 0.076720 0.094346 0.159208 0.000806 0.091304 0.193746 0.022122 0.103498 0.175877 0.034281 0.114334 0.170208 0.044038 0.123291 0.169713
-0.044533 0.073798 0.257004 -0.001107 0.058294 0.277525 0.030387 0.051644 0.276058 0.054424 0.054938 0.269153 0.076575 0.058722 0.262290 0.034743 0.040683 0.222819 0.067874 0.035262 0.206576 0.089658 0.039708 0.203086 0.104668 0.046455 0.201307 0.024932 0.056654 0.208393 0.058827 0.055713 0.182420 0.082537 0.063880 0.175345 0.098456 0.072304 0.172611 0.014851 0.074957 0.200053 0.044730 0.079793 0.175258 0.065620 0.087938 0.166419 0.080264 0.095710 0.163319 0.005656 0.094780 0.198180 0.026980 0.106834 0.180294 0.039907 0.116615 0.175506 0.050522 0.124861 0.176705
-0.041325 0.072334 0.256734 -0.002166 0.049345 0.274046 0.029864 0.037236 0.268617 0.055390 0.034196 0.263393 0.080176 0.033142 0.254453 0.032880 0.037807 0.215568 0.064905 0.034071 0.201207 0.086740 0.037194 0.197000 0.101907 0.042511 0.194198 0.025709 0.058331 0.205211 0.059631 0.061193 0.181806 0.083380 0.067850 0.176022 0.100547 0.074606 0.173074 0.017063 0.079119 0.200700 0.047870 0.086572 0.178430 0.070218 0.093561 0.172108 0.086253 0.100087 0.170364 0.008328 0.099376 0.202127 0.030966 0.113077 0.189015 0.044537 0.122946 0.187772 0.055500 0.130849 0.190386
-0.037797 0.073415 0.258990 -0.001282 0.047784 0.272435 0.028028 0.033450 0.266957 0.052309 0.028162 0.261571 0.078115 0.023063 0.252560 0.031496 0.038518 0.213502 0.064321 0.034030 0.198433 0.086547 0.036654 0.194470 0.102720 0.041707 0.192452 0.025918 0.060608 0.204306 0.060640 0.063374 0.181502 0.084844 0.068676 0.175496 0.103392 0.073840 0.172941 0.018638 0.081902 0.202242 0.049882 0.089596 0.179532 0.072685 0.095942 0.173889 0.090213 0.101350 0.171684 0.010342 0.102030 0.206423 0.033273 0.115260 0.194094 0.047449 0.125040 0.193247 0.059689 0.132484 0.194725
-0.035319 0.069897 0.260155 -0.004955 0.042114 0.268632 0.023524 0.026277 0.261764 0.048755 0.018537 0.254587 0.073509 0.013204 0.243578 0.027618 0.040002 0.206900 0.061093 0.035850 0.191243 0.083346 0.037375 0.187126 0.099790 0.041076 0.185771 0.024891 0.063653 0.200971 0.060174 0.065954 0.179912 0.084003 0.070491 0.175155 0.103399 0.074407 0.174734 0.020055 0.084979 0.203323 0.052376 0.092649 0.182976 0.076245 0.098342 0.178828 0.094797 0.102646 0.177951 0.013492 0.104193 0.212951 0.038003 0.118091 0.203320 0.054711 0.127035 0.202099 0.069164 0.133133 0.202340
-0.037126 0.069236 0.261900 -0.008674 0.040052 0.266003 0.021215 0.023136 0.258860 0.047880 0.014815 0.250039 0.071677 0.009956 0.238170 0.026402 0.038942 0.206288 0.059850 0.034502 0.190574 0.081291 0.035423 0.185192 0.097768 0.038190 0.182308 0.023648 0.062258 0.200493 0.058302 0.064422 0.178939 0.081760 0.068226 0.173298 0.101308 0.071121 0.171295 0.019135 0.083515 0.202943 0.051647 0.090397 0.181355 0.075139 0.096044 0.176030 0.093412 0.100109 0.174672 0.012918 0.102943 0.212751 0.038700 0.115870 0.202359 0.055498 0.124857 0.200009 0.069613 0.130904 0.200079
-0.035830 0.069167 0.257183 -0.008604 0.039826 0.263929 0.020269 0.022729 0.257427 0.046866 0.014160 0.249201 0.069800 0.008882 0.235942 0.024913 0.040587 0.204391 0.058468 0.036388 0.188081 0.080278 0.037108 0.183537 0.097387 0.039659 0.181886 0.023263 0.064636 0.199192 0.058814 0.066145 0.179015 0.082334 0.069604 0.175091 0.102514 0.072142 0.174588 0.019753 0.086218 0.202161 0.052513 0.092491 0.182006 0.076534 0.097905 0.178476 0.095445 0.101677 0.178529 0.014622 0.105125 0.212576 0.040827 0.117488 0.203217 0.057938 0.125601 0.202050 0.072383 0.131163 0.202547
-0.036591 0.071060 0.255392 -0.008286 0.041106 0.262817 0.020341 0.023901 0.257133 0.047014 0.015494 0.249681 0.071130 0.010424 0.237038 0.025413 0.041313 0.203974 0.059046 0.037965 0.188584 0.081288 0.038890 0.184317 0.098465 0.041853 0.182975 0.023261 0.065653 0.199549 0.059335 0.067607 0.179363 0.083414 0.071020 0.175507 0.103401 0.073621 0.174872 0.020072 0.087651 0.202765 0.053364 0.093899 0.182507 0.077479 0.099299 0.178979 0.096155 0.103197 0.179524 0.015634 0.107111 0.212610 0.042604 0.118831 0.203037 0.059631 0.126754 0.201746 0.073600 0.132163 0.202528
-0.035549 0.070500 0.255359 -0.007893 0.040243 0.261547 0.020394 0.023134 0.254572 0.046780 0.014640 0.246313 0.069568 0.009127 0.233030 0.026063 0.042378 0.202888 0.059506 0.039334 0.187134 0.081264 0.040149 0.182976 0.098401 0.042698 0.183024 0.024966 0.067077 0.200101 0.060373 0.069333 0.180044 0.084011 0.072444 0.176374 0.103755 0.074570 0.176773 0.021941 0.088784 0.204040 0.054499 0.095484 0.183975 0.078561 0.100554 0.180743 0.097572 0.103874 0.182082 0.017148 0.107636 0.214271 0.044304 0.119775 0.205262 0.061552 0.127383 0.204309 0.076074 0.132148 0.205891
-0.034384 0.069315 0.261100 -0.007037 0.037543 0.264100 0.019536 0.019549 0.254881 0.044799 0.009819 0.245161 0.068126 0.004718 0.232834 0.026221 0.041647 0.204082 0.059969 0.037950 0.188371 0.082428 0.038147 0.184518 0.099870 0.039804 0.183874 0.025780 0.066392 0.201406 0.060644 0.068433 0.181710 0.084598 0.070572 0.178795 0.104521 0.071520 0.179335 0.023605 0.087969 0.206727 0.056467 0.094274 0.187634 0.081344 0.098534 0.184810 0.100813 0.101054 0.185733 0.019985 0.106229 0.219068 0.046354 0.118271 0.209669 0.064104 0.125278 0.209037 0.079248 0.129527 0.210237
-0.033614 0.067889 0.261489 -0.007468 0.036269 0.264733 0.019304 0.017985 0.255689 0.044861 0.008759 0.246059 0.068130 0.003445 0.233941 0.026625 0.040356 0.205619 0.059899 0.036607 0.189376 0.082383 0.036527 0.185645 0.099869 0.038127 0.185567 0.026053 0.064939 0.202724 0.060968 0.066765 0.182803 0.084830 0.068773 0.179752 0.105251 0.069580 0.180977 0.023802 0.086693 0.208066 0.057035 0.092851 0.188806 0.081650 0.096894 0.185923 0.101286 0.099263 0.187146 0.019626 0.105251 0.220900 0.046450 0.117566 0.211672 0.064149 0.125061 0.211218 0.079242 0.129886 0.212482
-0.034161 0.067636 0.260479 -0.007693 0.035501 0.262514 0.018334 0.017045 0.252490 0.043540 0.007296 0.243083 0.065900 0.002265 0.230430 0.025581 0.041413 0.203463 0.058784 0.037483 0.187993 0.080976 0.036536 0.183435 0.098263 0.037406 0.182109 0.025623 0.065854 0.200826 0.060482 0.067371 0.182113 0.084640 0.068746 0.178734 0.104831 0.068972 0.179009 0.023901 0.087474 0.206568 0.056940 0.093523 0.188065 0.081667 0.096965 0.184614 0.101023 0.098828 0.184959 0.020220 0.105690 0.219688 0.046921 0.117669 0.211206 0.064950 0.124588 0.210700 0.080259 0.128859 0.211552
-0.035752 0.067656 0.257191 -0.010949 0.035183 0.258930 0.016346 0.015913 0.248998 0.042318 0.006555 0.240241 0.064407 0.001181 0.227190 0.024289 0.040497 0.199378 0.057588 0.036671 0.184760 0.079701 0.035746 0.180614 0.097101 0.036642 0.179809 0.024338 0.064839 0.197135 0.058848 0.066194 0.178665 0.082657 0.067736 0.175477 0.102767 0.068477 0.175872 0.022397 0.086569 0.202910 0.055001 0.092543 0.184256 0.079401 0.096155 0.180740 0.098497 0.098272 0.181125 0.018462 0.105213 0.215894 0.045018 0.116856 0.207550 0.062919 0.123937 0.206951 0.078280 0.128419 0.207946
-0.038610 0.070409 0.255077 -0.008700 0.043688 0.267923 0.023455 0.025596 0.264340 0.050203 0.016100 0.258743 0.074619 0.012494 0.251215 0.028293 0.030903 0.212747 0.063324 0.024765 0.198430 0.085090 0.025888 0.194303 0.100823 0.029455 0.192357 0.024754 0.052616 0.202525 0.061171 0.051713 0.180969 0.084692 0.056106 0.175399 0.102797 0.060745 0.173435 0.019389 0.074575 0.199661 0.053361 0.078663 0.178124 0.076174 0.084537 0.173174 0.093557 0.088936 0.171467 0.012480 0.095628 0.204159 0.038399 0.106987 0.192953 0.055352 0.116238 0.190542 0.069476 0.122988 0.190006
-0.038428 0.069472 0.259524 -0.002325 0.052345 0.276429 0.029688 0.042276 0.278086 0.055845 0.041748 0.274426 0.077426 0.045049 0.272871 0.036464 0.026651 0.229941 0.072122 0.019725 0.217118 0.093809 0.023646 0.214056 0.109357 0.030390 0.213384 0.028894 0.041887 0.214109 0.066244 0.038317 0.191320 0.090565 0.045166 0.185712 0.106827 0.053111 0.183787 0.020384 0.060738 0.204117 0.055003 0.061709 0.182873 0.076469 0.069183 0.175600 0.092289 0.076914 0.172958 0.011687 0.081768 0.200870 0.035515 0.090688 0.183002 0.050525 0.100308 0.176664 0.063566 0.109056 0.174975
-0.038310 0.066076 0.243109 0.000472 0.063136 0.271494 0.033328 0.060325 0.283594 0.059575 0.062078 0.283218 0.081038 0.068074 0.280630 0.042433 0.037661 0.244548 0.078615 0.035315 0.226458 0.098677 0.043512 0.218670 0.110476 0.053630 0.213938 0.031713 0.044541 0.220671 0.069641 0.043897 0.197887 0.092646 0.055283 0.189950 0.106728 0.067117 0.186943 0.020363 0.056552 0.201091 0.055210 0.058144 0.182284 0.075856 0.067928 0.174939 0.089664 0.078512 0.173691 0.010713 0.072174 0.187151 0.032513 0.080033 0.168052 0.046638 0.088587 0.160870 0.057935 0.097321 0.159575
-0.040014 0.068297 0.244758 -0.000715 0.068816 0.271302 0.033433 0.067756 0.282599 0.059762 0.070442 0.278613 0.081248 0.076988 0.274252 0.044560 0.040876 0.241190 0.081765 0.043249 0.223942 0.102248 0.052913 0.216358 0.112801 0.063742 0.210421 0.032328 0.046118 0.217313 0.070730 0.046281 0.193648 0.093798 0.059734 0.187726 0.107570 0.072843 0.185129 0.020287 0.056790 0.196833 0.054356 0.058589 0.175149 0.075799 0.070278 0.169899 0.089180 0.081393 0.168911 0.009581 0.071191 0.181604 0.031172 0.077807 0.159305 0.045737 0.085444 0.150100 0.057283 0.093414 0.146863
-0.043955 0.064230 0.243005 -0.005768 0.068139 0.268847 0.029387 0.068502 0.279863 0.056728 0.071581 0.276311 0.078018 0.079228 0.272418 0.041183 0.039829 0.240492 0.081962 0.041652 0.224033 0.102869 0.052328 0.215688 0.113667 0.063735 0.208561 0.030716 0.042771 0.215891 0.072484 0.043128 0.194624 0.094402 0.057819 0.186756 0.106423 0.071589 0.181557 0.019678 0.051695 0.194707 0.056574 0.053429 0.175074 0.076104 0.065912 0.165912 0.087563 0.077665 0.161703 0.009621 0.064224 0.178827 0.032383 0.070338 0.156997 0.045652 0.077828 0.145220 0.055855 0.085513 0.139278
-0.046418 0.062828 0.240405 -0.008475 0.075622 0.264738 0.027233 0.081596 0.275766 0.052585 0.087974 0.270999 0.073295 0.094965 0.266499 0.043022 0.042706 0.241917 0.082083 0.044372 0.226221 0.102920 0.053730 0.216238 0.115470 0.064018 0.208150 0.032675 0.041398 0.218125 0.073035 0.042585 0.195661 0.093586 0.057476 0.185183 0.104411 0.071530 0.177531 0.021170 0.047255 0.196802 0.056445 0.049185 0.174636 0.074582 0.061047 0.162530 0.084484 0.072479 0.155248 0.010865 0.057289 0.180858 0.033352 0.063733 0.159242 0.045842 0.071878 0.146225 0.054705 0.080228 0.138828
-0.047027 0.063464 0.242307 -0.005297 0.074361 0.268102 0.028570 0.080117 0.277947 0.052727 0.085154 0.273035 0.074020 0.092502 0.268056 0.044641 0.041386 0.242903 0.082532 0.043840 0.225266 0.103354 0.052678 0.215730 0.115428 0.063290 0.208201 0.033307 0.040698 0.218941 0.071734 0.040855 0.194305 0.093240 0.055343 0.184748 0.105553 0.069505 0.178957 0.021175 0.046353 0.197880 0.054870 0.047636 0.173507 0.074787 0.059359 0.162880 0.086503 0.071195 0.157419 0.010581 0.056281 0.181269 0.031746 0.061944 0.157318 0.044815 0.070102 0.143685 0.054713 0.078967 0.136723
-0.045712 0.063448 0.238224 -0.003636 0.077561 0.264506 0.029542 0.084817 0.274757 0.052379 0.090267 0.271017 0.074319 0.096649 0.265038 0.047037 0.042139 0.243665 0.084484 0.043137 0.226756 0.104721 0.051964 0.217414 0.116909 0.062683 0.210094 0.036148 0.041865 0.219620 0.074395 0.041696 0.195876 0.094512 0.056747 0.186279 0.105417 0.071528 0.179125 0.024307 0.047232 0.197781 0.057581 0.049265 0.175594 0.075172 0.061712 0.164603 0.084896 0.073846 0.158278 0.014071 0.056723 0.181296 0.035142 0.062681 0.159547 0.046989 0.071254 0.146624 0.055156 0.080051 0.138962
-0.046593 0.062330 0.241752 -0.009410 0.077008 0.267872 0.025857 0.083193 0.279067 0.051891 0.088471 0.273952 0.073634 0.095093 0.268575 0.042639 0.043051 0.247690 0.083847 0.041899 0.230938 0.104026 0.051005 0.221851 0.115691 0.061129 0.216057 0.032805 0.040123 0.223137 0.075236 0.045210 0.201121 0.093756 0.064244 0.191941 0.101275 0.081208 0.187589 0.021813 0.044715 0.201164 0.058263 0.051737 0.180074 0.074997 0.069286 0.172542 0.082522 0.084520 0.170434 0.011784 0.053844 0.184844 0.035668 0.062566 0.163514 0.048135 0.075181 0.155407 0.055761 0.086835 0.153894
-0.044147 0.064094 0.242790 -0.007340 0.076894 0.272036 0.028426 0.081594 0.282155 0.053802 0.086732 0.275442 0.073920 0.094881 0.265347 0.044591 0.044523 0.248507 0.084242 0.044562 0.231970 0.103833 0.052589 0.223379 0.116848 0.061241 0.218896 0.034601 0.041672 0.223691 0.075599 0.050188 0.202041 0.092887 0.070292 0.192231 0.099504 0.088214 0.186587 0.023509 0.046439 0.201207 0.060352 0.055803 0.182366 0.076601 0.074790 0.173595 0.083729 0.091467 0.170229 0.013470 0.055123 0.184528 0.037018 0.065869 0.165808 0.049153 0.079248 0.158121 0.056797 0.091747 0.156311
-0.043525 0.064928 0.242281 -0.008744 0.078159 0.273808 0.025915 0.083252 0.282197 0.049602 0.088022 0.271455 0.066614 0.091629 0.252214 0.043805 0.046494 0.250635 0.083353 0.045469 0.233555 0.103846 0.051949 0.224384 0.118172 0.058755 0.219141 0.035145 0.043518 0.224613 0.077289 0.048752 0.203706 0.098231 0.064561 0.194923 0.109310 0.078617 0.189195 0.024985 0.048132 0.201466 0.063110 0.056330 0.183199 0.079330 0.073118 0.172500 0.087927 0.087648 0.167939 0.015779 0.057259 0.185268 0.039644 0.067615 0.166249 0.050758 0.079358 0.156025 0.058215 0.090405 0.151900
-0.043307 0.065586 0.244111 -0.008923 0.077556 0.272929 0.025350 0.082649 0.280074 0.048910 0.087648 0.268722 0.063679 0.090953 0.248295 0.044012 0.047882 0.250451 0.084135 0.046918 0.235073 0.104908 0.053367 0.226223 0.119506 0.060271 0.220964 0.035678 0.045533 0.225180 0.077840 0.051165 0.204128 0.098584 0.066927 0.194625 0.109391 0.080977 0.188099 0.026040 0.050250 0.202569 0.064225 0.057585 0.183820 0.081780 0.072672 0.172996 0.091461 0.085775 0.168075 0.017338 0.059740 0.186837 0.041390 0.070123 0.167588 0.052867 0.080722 0.156721 0.060749 0.090438 0.151470
-0.044326 0.065369 0.243648 -0.008285 0.084188 0.269394 0.025681 0.091663 0.277607 0.049301 0.095636 0.264751 0.064280 0.095486 0.244637 0.046349 0.047921 0.251295 0.085410 0.046024 0.235677 0.106210 0.051897 0.227345 0.120881 0.058121 0.222493 0.037622 0.044738 0.226239 0.078211 0.050551 0.204082 0.098947 0.066131 0.194935 0.109702 0.079836 0.188472 0.027359 0.049150 0.204021 0.064350 0.057690 0.183489 0.080060 0.072754 0.171779 0.088933 0.085012 0.165895 0.018455 0.058215 0.188679 0.042249 0.070233 0.168887 0.052151 0.080178 0.156463 0.058399 0.088678 0.149189
-0.043351 0.065116 0.246283 -0.006393 0.086016 0.270873 0.027046 0.093621 0.278724 0.050619 0.096874 0.265915 0.065658 0.095728 0.245227 0.047437 0.047169 0.254134 0.086951 0.044747 0.239252 0.107752 0.051125 0.230927 0.122072 0.057862 0.225831 0.038640 0.043595 0.229417 0.079941 0.048865 0.207740 0.100776 0.064550 0.198399 0.111360 0.078154 0.191361 0.028603 0.047970 0.207230 0.065747 0.056819 0.187041 0.080114 0.072019 0.173309 0.087618 0.083897 0.165641 0.020126 0.057056 0.191800 0.044373 0.069192 0.172783 0.053626 0.079084 0.159468 0.059216 0.087082 0.151059
-0.041787 0.065612 0.249738 -0.003362 0.086723 0.273870 0.028706 0.094886 0.280716 0.051299 0.098694 0.267635 0.066625 0.097863 0.247015 0.049102 0.047775 0.257420 0.088930 0.045039 0.242322 0.109457 0.052293 0.234025 0.123266 0.060224 0.228528 0.040108 0.044391 0.233270 0.081590 0.048700 0.211699 0.102458 0.064630 0.202184 0.112805 0.078424 0.194361 0.029956 0.048629 0.211739 0.067309 0.056317 0.191459 0.082591 0.071716 0.178152 0.090282 0.083984 0.170087 0.021380 0.057615 0.196919 0.045681 0.068190 0.176946 0.055707 0.078304 0.163521 0.061644 0.086943 0.154686
-0.041097 0.067004 0.252894 -0.003706 0.088404 0.272248 0.030028 0.096552 0.278869 0.053263 0.100387 0.265099 0.067822 0.099314 0.244951 0.049656 0.047495 0.255836 0.089410 0.049214 0.240815 0.106648 0.062876 0.230631 0.114166 0.076276 0.222001 0.040400 0.043836 0.232666 0.082042 0.047408 0.211505 0.099806 0.064375 0.199690 0.107171 0.079433 0.190299 0.030225 0.048558 0.212344 0.066758 0.054213 0.189447 0.084410 0.068423 0.178269 0.093221 0.080960 0.171430 0.020549 0.058481 0.197336 0.046218 0.066840 0.176531 0.059417 0.075840 0.164405 0.067686 0.084664 0.157240
-0.040664 0.066352 0.256994 -0.001680 0.088368 0.273555 0.031004 0.096711 0.279476 0.053317 0.100356 0.267774 0.066702 0.098105 0.246312 0.050267 0.045449 0.254790 0.088129 0.047043 0.238120 0.101108 0.061525 0.232300 0.104556 0.074219 0.227554 0.041092 0.041516 0.232142 0.080492 0.045930 0.207757 0.095981 0.063676 0.196650 0.101875 0.078831 0.187392 0.030724 0.046428 0.212968 0.066040 0.052827 0.188322 0.081140 0.067533 0.176028 0.088580 0.079554 0.169059 0.021119 0.056605 0.199288 0.045793 0.065351 0.177352 0.057195 0.073878 0.164702 0.064421 0.081803 0.156913
-0.040219 0.067376 0.257915 -0.001583 0.088512 0.275801 0.031144 0.096315 0.281870 0.053435 0.099004 0.269812 0.067867 0.095914 0.248894 0.049440 0.046093 0.257089 0.086900 0.047541 0.237499 0.099829 0.061665 0.230800 0.103138 0.073396 0.225620 0.040127 0.041530 0.233606 0.079550 0.045801 0.207278 0.095436 0.063334 0.196161 0.101491 0.077489 0.187154 0.029802 0.045866 0.213492 0.065458 0.051970 0.187091 0.081047 0.066775 0.174888 0.088383 0.078431 0.167565 0.020426 0.055535 0.198915 0.045628 0.064008 0.175234 0.057405 0.072229 0.162502 0.064414 0.079518 0.153936
-0.039957 0.066556 0.257462 -0.000993 0.086185 0.275061 0.031362 0.093876 0.280832 0.053310 0.097312 0.271155 0.068019 0.095111 0.251641 0.050265 0.046204 0.252943 0.087548 0.049407 0.235712 0.100099 0.063367 0.231369 0.103653 0.074675 0.227876 0.040341 0.042344 0.230445 0.079408 0.047388 0.206639 0.093578 0.064901 0.194898 0.098689 0.079143 0.185439 0.029690 0.046414 0.210890 0.065113 0.053062 0.186776 0.079254 0.067719 0.173252 0.086059 0.079465 0.165276 0.020150 0.055226 0.196667 0.044698 0.063583 0.172658 0.055922 0.072010 0.159775 0.062751 0.079476 0.151109
-0.038939 0.066465 0.256735 -0.000091 0.086764 0.273901 0.032466 0.094255 0.279456 0.054563 0.097676 0.269056 0.068827 0.095586 0.249462 0.050714 0.046111 0.253174 0.088333 0.049692 0.236291 0.100737 0.063368 0.231099 0.104019 0.074343 0.226940 0.040746 0.041908 0.230395 0.079788 0.047336 0.206471 0.093544 0.064890 0.193444 0.098290 0.079051 0.183061 0.029990 0.045895 0.210781 0.065405 0.052678 0.186742 0.079039 0.067466 0.172348 0.085231 0.078948 0.163552 0.020533 0.054882 0.196937 0.045003 0.063109 0.173445 0.055443 0.071168 0.159061 0.061542 0.078354 0.149043
-0.040700 0.066947 0.260864 0.000052 0.086974 0.277841 0.032665 0.093524 0.281870 0.053710 0.096859 0.272948 0.067313 0.095125 0.254138 0.049944 0.044548 0.256786 0.083880 0.053562 0.236866 0.095073 0.070029 0.234394 0.099051 0.082151 0.230643 0.040936 0.040087 0.235367 0.078613 0.050261 0.211687 0.094784 0.068885 0.202385 0.102060 0.082921 0.192456 0.030555 0.044232 0.217550 0.063918 0.050038 0.189139 0.076539 0.063376 0.171356 0.082833 0.072775 0.159030 0.021392 0.053364 0.205088 0.045177 0.058028 0.178034 0.055095 0.064201 0.161177 0.060669 0.069649 0.147987
-0.039702 0.064117 0.259314 0.002998 0.084994 0.278866 0.034176 0.093036 0.282654 0.053376 0.096612 0.273034 0.065876 0.096868 0.254781 0.051431 0.042981 0.259593 0.083674 0.052253 0.241595 0.089806 0.070417 0.235694 0.089751 0.084634 0.229269 0.041711 0.038618 0.238025 0.078678 0.052007 0.217065 0.089973 0.073655 0.207032 0.093166 0.089165 0.198945 0.030377 0.042285 0.218289 0.065123 0.051212 0.193832 0.075912 0.067899 0.179532 0.080037 0.079230 0.170402 0.021199 0.049863 0.203733 0.043567 0.053823 0.176404 0.050825 0.060289 0.157227 0.053589 0.064770 0.141040
-0.038866 0.057377 0.265014 0.001463 0.077445 0.285480 0.032242 0.084524 0.289213 0.052622 0.088177 0.278763 0.064655 0.092254 0.260897 0.050810 0.034370 0.263169 0.082299 0.041336 0.247586 0.086967 0.058669 0.238970 0.086032 0.073391 0.229496 0.041911 0.030099 0.242780 0.080545 0.041587 0.224842 0.093923 0.062232 0.217245 0.099324 0.078275 0.211617 0.031597 0.034020 0.224273 0.067255 0.041140 0.199827 0.081376 0.057182 0.186877 0.088133 0.070044 0.178816 0.022849 0.042338 0.209352 0.046408 0.042635 0.180435 0.057226 0.047950 0.161592 0.063838 0.053360 0.147312
-0.035959 0.050560 0.268434 0.006825 0.068493 0.288765 0.037660 0.074511 0.291113 0.056896 0.077731 0.280762 0.069298 0.081865 0.261820 0.053807 0.025535 0.262033 0.086095 0.027669 0.248079 0.094282 0.040635 0.236823 0.095973 0.052515 0.223098 0.043597 0.021725 0.241235 0.082441 0.029226 0.222893 0.096363 0.048802 0.216706 0.102469 0.063616 0.210885 0.032833 0.025759 0.222891 0.066892 0.027766 0.195308 0.080398 0.040517 0.180186 0.085938 0.050712 0.168987 0.024128 0.034339 0.210276 0.047886 0.032589 0.183294 0.059017 0.036773 0.164130 0.065124 0.040989 0.148724
-0.035005 0.041982 0.288171 0.005675 0.056001 0.286688 0.035969 0.056663 0.281678 0.055724 0.058618 0.277008 0.066035 0.061006 0.263020 0.052068 0.003625 0.240846 0.088671 0.000870 0.223917 0.097208 0.012647 0.205210 0.096983 0.024375 0.186378 0.042523 0.005086 0.238675 0.082995 0.011660 0.227748 0.097092 0.031433 0.222947 0.103176 0.046473 0.218457 0.033423 0.014279 0.246105 0.072077 0.020156 0.235329 0.086686 0.034889 0.230107 0.093304 0.045153 0.223609 0.026732 0.029120 0.261163 0.054929 0.035240 0.258954 0.070475 0.041035 0.255902 0.080822 0.044075 0.249322
-0.035408 0.035929 0.287724 0.007387 0.048009 0.293228 0.036000 0.048850 0.292434 0.053953 0.049646 0.286654 0.064843 0.052512 0.272348 0.050444 -0.002797 0.252463 0.084555 -0.001546 0.234666 0.085588 0.010583 0.212350 0.079571 0.020071 0.188316 0.040171 -0.004152 0.240378 0.079794 -0.005099 0.217200 0.091670 0.009438 0.198302 0.092964 0.021685 0.179760 0.030067 0.001672 0.236016 0.069523 0.005182 0.220257 0.085189 0.019821 0.213531 0.092833 0.029180 0.206086 0.023833 0.012371 0.239531 0.051131 0.017769 0.233094 0.065969 0.024285 0.232987 0.076765 0.026609 0.230600
-0.035674 0.023742 0.283907 0.005129 0.039294 0.305593 0.033398 0.041644 0.306345 0.051581 0.042122 0.298900 0.063355 0.045822 0.282576 0.047634 -0.010037 0.278492 0.081249 -0.004282 0.271411 0.081159 0.014955 0.265037 0.074762 0.030167 0.257751 0.040745 -0.012910 0.258707 0.081230 -0.010929 0.237639 0.088284 0.005058 0.215781 0.090014 0.015316 0.199184 0.033278 -0.008555 0.242270 0.072155 -0.007883 0.221145 0.080930 0.004386 0.199843 0.081919 0.011494 0.184203 0.028065 0.000617 0.230028 0.056858 -0.001223 0.212394 0.066062 0.001385 0.193979 0.067917 0.002104 0.176381
-0.034211 0.026177 0.309673 0.004610 0.037099 0.307656 0.034000 0.035625 0.301105 0.053801 0.034217 0.295666 0.066053 0.037254 0.284403 0.049707 -0.013787 0.261796 0.084434 -0.013740 0.247144 0.085420 -0.002821 0.227429 0.077732 0.005836 0.205845 0.039721 -0.016460 0.253739 0.079394 -0.016623 0.234089 0.090596 -0.003448 0.215090 0.093755 0.006269 0.199054 0.029113 -0.012183 0.254599 0.067418 -0.006311 0.245719 0.081995 0.008105 0.247555 0.090665 0.014779 0.247119 0.021613 -0.002003 0.264238 0.048211 0.005711 0.265830 0.062615 0.011699 0.269160 0.073488 0.012007 0.267948
-0.036805 0.019944 0.287292 0.004650 0.033904 0.306707 0.033699 0.036112 0.308349 0.053055 0.035986 0.300021 0.065591 0.039065 0.283891 0.047388 -0.012901 0.279511 0.079583 -0.004480 0.274034 0.078661 0.015023 0.273995 0.070250 0.031495 0.273067 0.038706 -0.016935 0.258502 0.078389 -0.014976 0.239344 0.089337 -0.001597 0.220782 0.092835 0.009179 0.206232 0.029422 -0.014459 0.240870 0.066863 -0.011925 0.222115 0.078203 0.000277 0.206175 0.082634 0.009394 0.194826 0.023638 -0.006491 0.227494 0.048104 -0.008647 0.207849 0.057902 -0.007293 0.189593 0.062628 -0.006690 0.172829
-0.036421 0.022827 0.297611 0.005497 0.033664 0.308674 0.034881 0.036189 0.307590 0.054325 0.036912 0.297959 0.066469 0.041335 0.281605 0.048163 -0.010525 0.274156 0.081586 -0.006164 0.268520 0.085153 0.012449 0.266934 0.082164 0.028346 0.263362 0.037510 -0.012960 0.253499 0.074728 -0.004225 0.239459 0.080183 0.018834 0.234807 0.077966 0.036826 0.234361 0.026956 -0.010391 0.235381 0.061752 -0.001690 0.219510 0.067558 0.018821 0.212244 0.066918 0.034067 0.207954 0.019196 -0.004393 0.221304 0.043799 -0.005667 0.201141 0.053960 -0.002412 0.184851 0.058131 0.000122 0.168435
-0.039402 0.025965 0.297940 0.001095 0.038418 0.310075 0.030371 0.038622 0.308700 0.049937 0.037940 0.297642 0.062115 0.040793 0.282314 0.041924 -0.009899 0.275109 0.073933 -0.003368 0.269067 0.074177 0.016361 0.269132 0.068197 0.032782 0.268641 0.033906 -0.013499 0.254502 0.068393 -0.001855 0.244489 0.068144 0.023651 0.245379 0.060584 0.042909 0.249356 0.024885 -0.011519 0.236530 0.056553 -0.001372 0.224233 0.059561 0.019803 0.223944 0.056874 0.034651 0.227516 0.017821 -0.006098 0.222568 0.041153 -0.007814 0.200158 0.048883 -0.004611 0.179863 0.050468 -0.002659 0.159782
-0.039241 0.022670 0.293688 0.001011 0.034774 0.306540 0.030319 0.035524 0.306622 0.049598 0.035609 0.297653 0.062503 0.037618 0.283301 0.043261 -0.010953 0.271411 0.075232 -0.003506 0.268913 0.072298 0.019216 0.271843 0.062726 0.035783 0.273076 0.035041 -0.014328 0.251974 0.070173 -0.002484 0.243886 0.065737 0.025168 0.247919 0.054582 0.042099 0.251511 0.026134 -0.011944 0.236613 0.057293 -0.001197 0.224847 0.055761 0.023319 0.228065 0.048294 0.037672 0.232057 0.019245 -0.006220 0.225072 0.042366 -0.008107 0.203586 0.048440 -0.003982 0.182721 0.047362 -0.003433 0.160230
-0.038880 0.023345 0.299714 0.000043 0.035298 0.310452 0.029150 0.035632 0.307465 0.048284 0.034859 0.297314 0.060190 0.036409 0.284227 0.042523 -0.011724 0.272638 0.074939 -0.004078 0.268571 0.071795 0.018123 0.271107 0.061946 0.034358 0.273014 0.033885 -0.014313 0.252346 0.069250 -0.003058 0.242010 0.064423 0.024407 0.246355 0.052671 0.041952 0.252129 0.024787 -0.011202 0.236693 0.056711 -0.001078 0.224698 0.055067 0.023022 0.228215 0.047345 0.037309 0.232744 0.017711 -0.004896 0.225672 0.041443 -0.007939 0.203709 0.048030 -0.005093 0.183481 0.047604 -0.005425 0.162446
-0.038348 0.021869 0.295660 0.000758 0.034176 0.309985 0.029294 0.034918 0.308836 0.048693 0.033705 0.298170 0.062627 0.033766 0.283301 0.042584 -0.011509 0.276303 0.074697 -0.005234 0.271758 0.070646 0.017050 0.274054 0.060267 0.034171 0.275725 0.034560 -0.014624 0.255300 0.070151 -0.003897 0.246281 0.063589 0.023875 0.250610 0.050836 0.041795 0.256043 0.026009 -0.012528 0.238249 0.057770 -0.002114 0.227255 0.054463 0.022670 0.231606 0.045584 0.037733 0.237078 0.019209 -0.006972 0.225375 0.042390 -0.009796 0.203122 0.047868 -0.007520 0.182018 0.046304 -0.008325 0.159987
-0.037064 0.022333 0.300073 0.001987 0.035783 0.314405 0.030893 0.036289 0.311312 0.051187 0.034473 0.300701 0.066196 0.032978 0.285637 0.044103 -0.010737 0.276373 0.076012 -0.003786 0.271911 0.071387 0.018990 0.274672 0.060713 0.035835 0.276270 0.035560 -0.014463 0.257476 0.071581 -0.001937 0.246615 0.064285 0.026322 0.250326 0.051991 0.043964 0.256205 0.026608 -0.012142 0.243216 0.058455 0.000153 0.230566 0.054595 0.025486 0.234146 0.045420 0.040968 0.239207 0.019528 -0.006109 0.233243 0.042795 -0.009691 0.210568 0.048080 -0.008367 0.187256 0.045762 -0.009307 0.161838
-0.036656 0.023449 0.299409 0.001679 0.035928 0.312648 0.030412 0.037420 0.312547 0.049825 0.035707 0.302673 0.064023 0.033739 0.287303 0.044816 -0.008870 0.277345 0.076264 -0.001913 0.272685 0.070674 0.021703 0.276426 0.060308 0.038786 0.279176 0.036875 -0.012415 0.258555 0.071072 -0.000029 0.248135 0.063568 0.028068 0.254395 0.050764 0.045188 0.260210 0.027815 -0.010707 0.243569 0.058381 0.001647 0.230870 0.053913 0.026677 0.237711 0.044339 0.041728 0.244674 0.020541 -0.005625 0.232581 0.043333 -0.007630 0.209888 0.048395 -0.005068 0.189390 0.046117 -0.005169 0.166936
-0.037268 0.021218 0.295190 0.001955 0.033693 0.310620 0.030885 0.034651 0.312455 0.050363 0.032758 0.304031 0.063950 0.029456 0.288793 0.043587 -0.012730 0.279258 0.077857 -0.009069 0.272158 0.073424 0.014408 0.272072 0.060440 0.032305 0.273899 0.036316 -0.016524 0.259229 0.071226 -0.002352 0.249574 0.063549 0.025918 0.253255 0.049945 0.041289 0.260985 0.028159 -0.014220 0.242644 0.058909 0.000304 0.231095 0.052991 0.027051 0.236342 0.041258 0.041864 0.245106 0.020713 -0.007669 0.229025 0.045624 -0.002840 0.212400 0.046326 0.012989 0.209732 0.039649 0.024176 0.211644
-0.039201 0.020571 0.297909 0.002120 0.034003 0.313097 0.033516 0.031758 0.312873 0.055817 0.025810 0.300926 0.069763 0.019344 0.284321 0.041572 -0.016555 0.277531 0.078312 -0.007660 0.271009 0.071199 0.017419 0.274734 0.058115 0.032364 0.280565 0.035567 -0.019842 0.256653 0.071216 0.000104 0.248187 0.059702 0.028164 0.255604 0.045521 0.039286 0.265522 0.028082 -0.015801 0.240070 0.057741 0.004472 0.229622 0.046742 0.029614 0.237437 0.033232 0.039247 0.247972 0.020810 -0.007216 0.226691 0.045225 0.005825 0.215762 0.039289 0.021901 0.218176 0.028284 0.028216 0.223377
-0.039887 0.020097 0.293552 0.001147 0.034560 0.310829 0.033086 0.031380 0.312834 0.055796 0.023409 0.301773 0.072042 0.014686 0.284413 0.041774 -0.015015 0.278728 0.077318 -0.006235 0.275098 0.069787 0.019421 0.280937 0.055651 0.033462 0.285199 0.036529 -0.018035 0.258295 0.071021 0.000881 0.250031 0.057734 0.029869 0.259898 0.042962 0.039771 0.269921 0.029854 -0.013665 0.241911 0.059409 0.005987 0.233345 0.046416 0.031705 0.243640 0.031906 0.040564 0.254628 0.023313 -0.004795 0.228364 0.048240 0.010443 0.222805 0.040037 0.027502 0.228685 0.027588 0.033380 0.236192
-0.039857 0.019987 0.287921 0.001529 0.033170 0.309041 0.034209 0.030701 0.312466 0.056796 0.021831 0.300894 0.073032 0.013458 0.283650 0.043321 -0.014347 0.280675 0.078416 -0.006527 0.275270 0.070657 0.017099 0.278099 0.057164 0.031058 0.281423 0.036103 -0.016115 0.257650 0.070177 0.002370 0.250154 0.056816 0.028565 0.258259 0.042110 0.038402 0.268278 0.028050 -0.011156 0.238555 0.058323 0.007465 0.232105 0.044854 0.030801 0.242515 0.031340 0.039162 0.254540 0.020840 -0.002470 0.223788 0.045566 0.012521 0.219518 0.036813 0.027872 0.227305 0.025184 0.032952 0.237452
-0.039845 0.021802 0.291081 0.000117 0.035846 0.310063 0.032811 0.032093 0.310826 0.056318 0.022827 0.297956 0.071973 0.013904 0.279742 0.041165 -0.014114 0.278728 0.077914 -0.006624 0.272939 0.069665 0.018230 0.274397 0.055491 0.033312 0.277517 0.036471 -0.017778 0.259582 0.072348 0.001348 0.250797 0.058656 0.029249 0.257014 0.043740 0.039381 0.266329 0.030404 -0.014013 0.243811 0.061562 0.005724 0.234207 0.047359 0.030515 0.242317 0.031886 0.039028 0.253218 0.023777 -0.005597 0.230156 0.051069 0.008525 0.223515 0.040908 0.025328 0.227846 0.026380 0.031391 0.235522
-0.040798 0.021851 0.291832 0.000232 0.036427 0.310273 0.033833 0.033337 0.311601 0.057693 0.024228 0.299027 0.073324 0.015116 0.281528 0.042204 -0.012517 0.278303 0.077634 -0.003679 0.271576 0.068561 0.020606 0.274431 0.054361 0.034065 0.279364 0.035951 -0.015776 0.257436 0.071665 0.002714 0.248058 0.058220 0.029850 0.256921 0.043759 0.039426 0.267550 0.028368 -0.011775 0.240554 0.059524 0.007453 0.230640 0.046210 0.031555 0.240446 0.032009 0.039960 0.251792 0.021041 -0.003187 0.227143 0.046710 0.010678 0.218112 0.037571 0.026222 0.223334 0.024989 0.031382 0.231391
-0.040947 0.023448 0.291601 0.000950 0.036946 0.311067 0.033612 0.035081 0.313517 0.056669 0.026980 0.301152 0.072596 0.018445 0.283931 0.042404 -0.010598 0.280716 0.077722 -0.002534 0.274080 0.069108 0.019872 0.275931 0.055506 0.032577 0.279103 0.035116 -0.012316 0.257418 0.069592 0.006260 0.248765 0.056080 0.031039 0.256916 0.041687 0.039608 0.267258 0.026468 -0.007325 0.238204 0.057061 0.011187 0.229862 0.043846 0.033308 0.239971 0.030713 0.040561 0.252037 0.018760 0.001487 0.223587 0.043437 0.014019 0.214883 0.035677 0.027769 0.220372 0.024973 0.032126 0.229756
-0.040502 0.026115 0.293375 0.000292 0.041272 0.312888 0.031179 0.043136 0.315045 0.055226 0.040925 0.303493 0.068768 0.037013 0.286160 0.042035 -0.009360 0.280369 0.077563 -0.001190 0.275963 0.068475 0.020209 0.277274 0.057411 0.030709 0.278222 0.035278 -0.011225 0.259722 0.069940 0.009274 0.254467 0.056842 0.033054 0.262792 0.044780 0.040096 0.270515 0.026897 -0.005926 0.243299 0.058703 0.015115 0.235331 0.047030 0.034510 0.245562 0.033873 0.039998 0.255564 0.019153 0.004265 0.229981 0.045770 0.010605 0.212294 0.050192 0.018796 0.199754 0.049015 0.021293 0.189283
-0.038836 0.029403 0.296782 0.001182 0.041927 0.314159 0.032028 0.040718 0.314399 0.056655 0.033978 0.302492 0.072100 0.027099 0.286945 0.043834 -0.007669 0.276514 0.078956 0.003306 0.272963 0.068458 0.025149 0.276923 0.056566 0.035478 0.280216 0.035710 -0.008748 0.256353 0.067076 0.015537 0.252379 0.051646 0.037848 0.264155 0.038868 0.044601 0.273403 0.025885 -0.002179 0.240814 0.054505 0.022286 0.234699 0.039261 0.039849 0.248566 0.025342 0.044290 0.259791 0.017398 0.009155 0.229615 0.042306 0.014970 0.209638 0.044760 0.018034 0.192028 0.042520 0.015314 0.173819
-0.038478 0.029901 0.296224 0.000976 0.043107 0.314755 0.032463 0.042312 0.315024 0.056736 0.035807 0.302206 0.071545 0.029032 0.284415 0.044600 -0.006250 0.279520 0.078585 0.005011 0.275557 0.068620 0.025666 0.276961 0.057691 0.035690 0.278035 0.036022 -0.007368 0.258414 0.066160 0.017487 0.252468 0.051507 0.040047 0.264203 0.039282 0.047397 0.274233 0.025713 -0.000793 0.241790 0.052672 0.024238 0.233660 0.038576 0.042155 0.248116 0.025654 0.046912 0.260847 0.016815 0.010585 0.229839 0.040830 0.015694 0.209390 0.044282 0.018285 0.191035 0.042696 0.015380 0.171924
-0.038890 0.030975 0.295307 0.000919 0.044536 0.315668 0.032093 0.045999 0.316586 0.057171 0.041836 0.302719 0.073191 0.036762 0.284011 0.043742 -0.003336 0.279899 0.078986 0.005468 0.274365 0.070767 0.025921 0.275083 0.059593 0.037108 0.275475 0.035173 -0.003773 0.257674 0.067812 0.020228 0.251869 0.053113 0.042620 0.263020 0.038736 0.050100 0.271806 0.025126 0.003080 0.240654 0.054738 0.026973 0.233135 0.040955 0.044374 0.246545 0.027462 0.048725 0.258001 0.016803 0.014108 0.228799 0.041170 0.019119 0.209335 0.044744 0.021444 0.191233 0.043216 0.018175 0.172377
-0.037998 0.032750 0.295509 0.001232 0.046161 0.316049 0.032456 0.046304 0.316578 0.056800 0.039980 0.302963 0.071724 0.033014 0.285714 0.044527 -0.002540 0.280965 0.079041 0.008025 0.275482 0.070671 0.028779 0.277030 0.059774 0.039505 0.277121 0.036236 -0.002775 0.259742 0.067301 0.021925 0.251626 0.052906 0.044416 0.263825 0.040397 0.051490 0.273915 0.026260 0.004084 0.243027 0.054207 0.028531 0.233070 0.040759 0.046263 0.247324 0.028413 0.050785 0.259694 0.017892 0.015459 0.230874 0.042230 0.020371 0.210765 0.045693 0.022297 0.192477 0.044099 0.018781 0.173114
-0.041082 0.029348 0.295594 -0.000132 0.045727 0.316462 0.029911 0.048638 0.319095 0.051101 0.046388 0.309089 0.066010 0.043308 0.292830 0.039877 -0.004606 0.286400 0.075943 0.000308 0.279952 0.072451 0.020718 0.278192 0.064136 0.034185 0.272471 0.031143 -0.005243 0.264472 0.067669 0.012431 0.255163 0.060623 0.037672 0.261015 0.050332 0.050726 0.268524 0.022625 0.001989 0.247251 0.058371 0.018014 0.233295 0.056719 0.039702 0.234408 0.051989 0.051341 0.239748 0.017239 0.013735 0.234386 0.043411 0.015586 0.212281 0.050058 0.018154 0.194809 0.051079 0.017118 0.179197
-0.040058 0.029473 0.303639 -0.000130 0.045255 0.319436 0.029080 0.046586 0.317783 0.050045 0.045050 0.309396 0.065475 0.043198 0.295268 0.040455 -0.006298 0.284142 0.076904 0.003583 0.278898 0.069462 0.025934 0.279657 0.059151 0.038901 0.277397 0.033041 -0.008086 0.267607 0.075628 0.008540 0.261239 0.068339 0.033423 0.263530 0.060170 0.045739 0.267639 0.026413 -0.002309 0.252238 0.070243 0.008753 0.234376 0.069511 0.024044 0.213308 0.063639 0.030980 0.197511 0.022536 0.008676 0.238463 0.055526 0.010190 0.221779 0.063560 0.013124 0.200408 0.064737 0.012710 0.178801
-0.038659 0.029311 0.306577 0.001368 0.044259 0.323524 0.030028 0.044455 0.319558 0.052240 0.040058 0.307217 0.069349 0.035512 0.290881 0.040118 -0.005031 0.286503 0.076150 0.003969 0.281997 0.068675 0.025326 0.283583 0.057266 0.038805 0.282368 0.033713 -0.007117 0.269277 0.074941 0.008315 0.263980 0.072648 0.029374 0.264690 0.067479 0.039361 0.266115 0.027137 -0.001919 0.254089 0.066519 0.013125 0.239588 0.059028 0.032065 0.227107 0.048060 0.041097 0.218189 0.023551 0.009046 0.241561 0.056656 0.008180 0.224302 0.065635 0.009940 0.203561 0.066836 0.008913 0.182671
-0.038623 0.031968 0.303317 0.000320 0.047744 0.321613 0.032801 0.045748 0.319538 0.057323 0.038395 0.305779 0.073260 0.032412 0.288411 0.040791 -0.003012 0.289801 0.077425 0.003360 0.284102 0.068277 0.023723 0.283230 0.056955 0.036706 0.278984 0.033524 -0.005256 0.271551 0.074112 0.009163 0.264127 0.062821 0.032871 0.266734 0.050285 0.044716 0.270751 0.027084 0.000153 0.255888 0.065409 0.013845 0.239230 0.056879 0.031193 0.222081 0.045665 0.038628 0.207437 0.023486 0.010535 0.242367 0.056167 0.009972 0.225174 0.065239 0.011664 0.205837 0.066881 0.010724 0.186586
-0.037880 0.033369 0.308347 0.001083 0.049675 0.322656 0.032411 0.047773 0.317958 0.056030 0.042013 0.306744 0.072105 0.036888 0.292173 0.041731 -0.001381 0.285396 0.078006 0.005654 0.280635 0.069223 0.027350 0.283975 0.057752 0.040306 0.283516 0.034205 -0.003795 0.268609 0.074525 0.010706 0.262531 0.065958 0.033288 0.267310 0.056385 0.043626 0.272214 0.027038 0.001163 0.253812 0.064438 0.014414 0.236291 0.054669 0.030389 0.216556 0.043141 0.036377 0.198701 0.022941 0.011192 0.241596 0.053268 0.010341 0.222513 0.060634 0.011525 0.201342 0.061330 0.009984 0.180325
-0.039762 0.035080 0.302165 -0.001571 0.051817 0.324143 0.030909 0.053033 0.325330 0.055127 0.048548 0.312536 0.073305 0.043026 0.293827 0.041144 0.006834 0.291469 0.076830 0.014584 0.284570 0.069367 0.036063 0.282305 0.058549 0.049256 0.277714 0.034035 0.005350 0.271672 0.075542 0.019868 0.265277 0.076421 0.038141 0.262573 0.072810 0.047323 0.261332 0.026526 0.010253 0.256444 0.063298 0.023331 0.241049 0.056829 0.038752 0.223710 0.047077 0.045787 0.208321 0.021334 0.019472 0.243817 0.051155 0.019273 0.226349 0.059341 0.020741 0.207323 0.061044 0.019156 0.188525
-0.039895 0.045612 0.298232 -0.003604 0.059287 0.317770 0.027750 0.063445 0.324895 0.051290 0.062137 0.314056 0.068788 0.056959 0.294296 0.040560 0.016914 0.293652 0.077220 0.019342 0.283425 0.070883 0.040813 0.279274 0.060826 0.055233 0.273578 0.032865 0.014639 0.269801 0.073004 0.026035 0.262765 0.072651 0.046079 0.260178 0.067534 0.056171 0.258671 0.024402 0.019837 0.251081 0.061673 0.030159 0.237644 0.057850 0.047492 0.221849 0.050716 0.055436 0.207186 0.018417 0.029414 0.236603 0.047910 0.028110 0.219412 0.057318 0.029513 0.202184 0.060925 0.028056 0.186453
-0.043659 0.042671 0.296837 -0.004716 0.063092 0.319347 0.023731 0.070241 0.324371 0.041832 0.070476 0.314175 0.057354 0.070497 0.296178 0.037552 0.018972 0.294102 0.072690 0.025536 0.282324 0.070465 0.042679 0.274637 0.064648 0.056143 0.263625 0.028419 0.016481 0.273715 0.073401 0.019861 0.258140 0.088896 0.035188 0.246166 0.096540 0.047074 0.236110 0.019259 0.020944 0.254803 0.065128 0.020545 0.238773 0.079968 0.033064 0.224402 0.088100 0.042640 0.213840 0.014208 0.030168 0.238952 0.042279 0.028454 0.220729 0.053869 0.031266 0.206729 0.061625 0.032981 0.196318
-0.054347 0.047514 0.290588 -0.013855 0.062863 0.311598 0.015427 0.069494 0.319545 0.035242 0.072414 0.312578 0.052521 0.072261 0.294109 0.030395 0.022083 0.289601 0.066169 0.027614 0.277677 0.070690 0.043975 0.271844 0.070363 0.057947 0.262874 0.020420 0.019800 0.266190 0.064582 0.023149 0.251671 0.082354 0.036450 0.235746 0.089023 0.047313 0.219620 0.010186 0.024781 0.245644 0.054436 0.017707 0.223592 0.071532 0.023201 0.201689 0.079463 0.027542 0.182989 0.004347 0.033514 0.228152 0.030359 0.028134 0.204800 0.042783 0.026810 0.186019 0.050758 0.025518 0.170020
-0.055761 0.047952 0.292318 -0.014544 0.063411 0.313301 0.014848 0.069772 0.321619 0.034246 0.069877 0.312120 0.050896 0.067546 0.293040 0.029074 0.020476 0.289388 0.063256 0.022395 0.277133 0.066817 0.037866 0.274539 0.065700 0.050861 0.268829 0.018876 0.017584 0.266295 0.060752 0.015116 0.250953 0.076597 0.023647 0.233483 0.083796 0.029123 0.215392 0.009069 0.021945 0.247199 0.048542 0.016110 0.227461 0.063830 0.019962 0.206015 0.070618 0.022279 0.186348 0.002765 0.030662 0.231716 0.027874 0.025458 0.209917 0.039575 0.023990 0.192076 0.046919 0.022686 0.176458
-0.057572 0.045175 0.289735 -0.017074 0.061008 0.312501 0.010840 0.068686 0.319572 0.028586 0.069009 0.309729 0.045667 0.068532 0.289587 0.026122 0.020126 0.287080 0.058960 0.024019 0.277519 0.062060 0.039698 0.276136 0.060509 0.052825 0.270355 0.016711 0.017946 0.263924 0.056902 0.015460 0.248207 0.071937 0.023310 0.230916 0.078700 0.027968 0.211640 0.006940 0.022295 0.244314 0.043679 0.015128 0.223036 0.058515 0.018006 0.200386 0.064614 0.019665 0.179629 0.000076 0.030779 0.228671 0.023574 0.025408 0.208022 0.035247 0.024457 0.190996 0.042103 0.023663 0.175744
-0.058777 0.045505 0.289693 -0.018332 0.061923 0.312244 0.009776 0.069872 0.319131 0.028612 0.070802 0.309033 0.044040 0.070239 0.289441 0.025017 0.022448 0.288679 0.056622 0.026351 0.278007 0.059061 0.044099 0.278698 0.056502 0.059741 0.276875 0.015263 0.019403 0.263803 0.054972 0.015787 0.251143 0.073885 0.023181 0.236084 0.084654 0.028426 0.221515 0.005313 0.023468 0.243285 0.041546 0.015535 0.225210 0.059922 0.017800 0.204606 0.069384 0.019999 0.186578 -0.001760 0.031574 0.225290 0.021439 0.026252 0.207229 0.034630 0.025045 0.190914 0.043252 0.024699 0.176728
-0.057965 0.045447 0.285662 -0.018394 0.062279 0.310662 0.008304 0.070288 0.317826 0.026722 0.071416 0.307235 0.040566 0.071661 0.287689 0.026541 0.021400 0.285173 0.060937 0.024764 0.271866 0.076233 0.033568 0.268398 0.087383 0.043395 0.263259 0.015770 0.017691 0.261291 0.056496 0.014995 0.247471 0.081719 0.018029 0.237164 0.100561 0.020151 0.227691 0.004829 0.021186 0.239932 0.041368 0.017245 0.221826 0.059054 0.019798 0.203656 0.070161 0.021850 0.188459 -0.002690 0.028565 0.222574 0.019229 0.025629 0.201674 0.030707 0.024512 0.184356 0.038550 0.024270 0.169879
-0.054236 0.045458 0.291059 -0.015133 0.064008 0.316881 0.011543 0.072053 0.322126 0.028832 0.073390 0.312491 0.042461 0.074922 0.295650 0.029389 0.024463 0.290611 0.063804 0.024904 0.277587 0.080514 0.029593 0.275027 0.093149 0.034285 0.270834 0.019389 0.021233 0.268340 0.059364 0.018148 0.251892 0.084370 0.019738 0.242060 0.104129 0.018979 0.233042 0.008479 0.023208 0.246194 0.044906 0.021305 0.225535 0.057573 0.025613 0.202806 0.065091 0.027450 0.183955 0.000964 0.029019 0.227986 0.023250 0.027878 0.204997 0.031852 0.027737 0.186336 0.035292 0.026956 0.168407
-0.055138 0.041430 0.292198 -0.015978 0.060637 0.317790 0.011235 0.069382 0.322967 0.029202 0.071341 0.311074 0.041625 0.073009 0.292879 0.029587 0.022055 0.291741 0.064558 0.021651 0.280054 0.083628 0.023598 0.276103 0.097881 0.027548 0.271522 0.018952 0.018044 0.268665 0.060922 0.013923 0.255640 0.087692 0.014881 0.247750 0.108963 0.014481 0.241152 0.007550 0.020589 0.246979 0.046618 0.017949 0.228700 0.056768 0.022556 0.206687 0.062079 0.024298 0.187383 0.000254 0.027201 0.229601 0.023163 0.026346 0.207389 0.030737 0.025671 0.188708 0.033579 0.024634 0.169329
-0.056873 0.044356 0.292084 -0.017137 0.062233 0.318700 0.009672 0.071340 0.324208 0.027100 0.073646 0.312507 0.040692 0.075762 0.292868 0.027252 0.023481 0.291168 0.058206 0.026922 0.281894 0.067784 0.036266 0.282297 0.074472 0.045122 0.280402 0.018029 0.020212 0.267642 0.058255 0.016217 0.255437 0.084330 0.017156 0.248600 0.106142 0.016131 0.243093 0.007385 0.023048 0.245889 0.044596 0.018090 0.227946 0.065653 0.018786 0.213023 0.082133 0.018035 0.202686 -0.000500 0.030687 0.228376 0.022098 0.026434 0.207179 0.035315 0.024369 0.190811 0.044829 0.022508 0.176666
-0.056883 0.042290 0.294306 -0.017814 0.060988 0.319974 0.009391 0.070237 0.327005 0.027652 0.072418 0.315712 0.041674 0.074250 0.296923 0.027047 0.021337 0.293679 0.061834 0.023885 0.284159 0.074337 0.030798 0.284011 0.084052 0.037911 0.281201 0.016564 0.018242 0.270106 0.059725 0.015382 0.257996 0.085064 0.017041 0.250077 0.105027 0.017002 0.242862 0.005473 0.021618 0.248672 0.046619 0.018586 0.230672 0.061071 0.022439 0.211974 0.070586 0.023796 0.196294 -0.001482 0.029051 0.232354 0.023163 0.027246 0.211374 0.033591 0.026330 0.193898 0.039334 0.025142 0.176699
-0.056791 0.044118 0.294139 -0.015414 0.060151 0.317306 0.012729 0.067118 0.324211 0.033147 0.070241 0.318162 0.054686 0.075295 0.310405 0.028856 0.023064 0.290389 0.063408 0.022603 0.281868 0.081921 0.025364 0.278983 0.096191 0.029487 0.274314 0.018185 0.020417 0.268709 0.057846 0.015543 0.256025 0.082472 0.017113 0.247000 0.101734 0.017616 0.237354 0.006766 0.024027 0.247876 0.043197 0.018793 0.231515 0.064657 0.019164 0.218877 0.080567 0.019581 0.207483 -0.001892 0.031686 0.231302 0.020999 0.027255 0.210111 0.036162 0.025846 0.195954 0.048740 0.024942 0.183824
-0.058904 0.044984 0.293443 -0.017264 0.058716 0.311919 0.012978 0.062306 0.319398 0.033935 0.065788 0.323565 0.056113 0.066053 0.327813 0.029192 0.022740 0.287215 0.062511 0.019501 0.279715 0.085067 0.018915 0.275336 0.102409 0.019924 0.269614 0.017889 0.020240 0.266374 0.056172 0.014979 0.253997 0.082147 0.014536 0.246612 0.103943 0.013403 0.239411 0.005381 0.024093 0.246202 0.040431 0.018209 0.230159 0.062224 0.016271 0.219680 0.080384 0.014001 0.211773 -0.004427 0.031780 0.231053 0.017742 0.026350 0.209348 0.032809 0.023559 0.196831 0.046966 0.020631 0.187629
-0.060851 0.048475 0.279316 -0.021401 0.052776 0.303549 0.010509 0.054655 0.320694 0.033057 0.061117 0.330218 0.052118 0.066060 0.335536 0.024517 0.018777 0.284006 0.060669 0.010289 0.276665 0.085331 0.007191 0.270985 0.103456 0.006402 0.264590 0.014986 0.021332 0.260389 0.055431 0.014348 0.250649 0.082186 0.012920 0.243917 0.102925 0.011817 0.237648 0.004509 0.029368 0.238902 0.042665 0.024495 0.226331 0.066303 0.024539 0.217850 0.084240 0.024744 0.210384 -0.004387 0.041479 0.221154 0.018707 0.040391 0.203595 0.034236 0.040396 0.192279 0.046367 0.040175 0.181641
-0.058642 0.055410 0.272018 -0.018014 0.046421 0.292909 0.012420 0.039694 0.306583 0.036308 0.037959 0.318025 0.058792 0.036000 0.325847 0.025064 0.020463 0.276037 0.057566 0.010317 0.269540 0.081142 0.004949 0.263415 0.098888 0.002407 0.256861 0.015549 0.027674 0.253311 0.053040 0.018693 0.242255 0.079008 0.015673 0.233541 0.098952 0.013880 0.225378 0.004938 0.038197 0.231880 0.037526 0.032913 0.215845 0.060072 0.031648 0.204569 0.077294 0.031950 0.195158 -0.004082 0.051024 0.213338 0.012909 0.051422 0.193305 0.025410 0.051696 0.178938 0.035549 0.052383 0.165635
-0.055333 0.057513 0.270618 -0.017150 0.046520 0.293021 0.012003 0.039769 0.308614 0.036059 0.037622 0.320627 0.058701 0.034717 0.328396 0.025276 0.019291 0.275986 0.056912 0.007419 0.269450 0.079942 0.002058 0.262529 0.097165 -0.000604 0.255818 0.016720 0.027953 0.253202 0.051436 0.018535 0.238870 0.076329 0.016378 0.228501 0.095141 0.015718 0.218760 0.006554 0.039614 0.232178 0.036329 0.033605 0.212928 0.056509 0.032305 0.199737 0.071779 0.032999 0.188151 -0.002671 0.052702 0.215211 0.012025 0.053349 0.195083 0.023199 0.053749 0.180742 0.032203 0.055152 0.167405
-0.052609 0.060523 0.288393 -0.018335 0.045193 0.310599 0.010563 0.032075 0.317994 0.034769 0.027254 0.323983 0.055761 0.026972 0.331142 0.022410 0.018133 0.279113 0.056352 0.006437 0.267405 0.078738 0.002220 0.258082 0.096133 -0.000041 0.249257 0.015224 0.029580 0.258947 0.051196 0.022207 0.236016 0.075655 0.020708 0.223890 0.093444 0.020921 0.212990 0.006244 0.044947 0.242411 0.037026 0.042037 0.219027 0.057175 0.041440 0.203703 0.072857 0.042821 0.191783 -0.002393 0.062081 0.232217 0.014479 0.065710 0.209114 0.025731 0.068933 0.193648 0.034826 0.073518 0.180579
-0.058182 0.056110 0.286768 -0.022940 0.037439 0.313700 0.006617 0.024127 0.318226 0.029717 0.020979 0.322319 0.050097 0.019906 0.324609 0.021616 0.016804 0.271593 0.055073 0.005910 0.258104 0.077166 0.001038 0.247881 0.094113 -0.001722 0.238190 0.016166 0.032532 0.253764 0.052182 0.027291 0.230317 0.076423 0.026520 0.219533 0.094670 0.026765 0.208269 0.007752 0.050746 0.240603 0.039158 0.050744 0.216805 0.059291 0.051490 0.202743 0.074988 0.054482 0.193085 -0.000799 0.069978 0.234272 0.017568 0.076494 0.209537 0.028970 0.083032 0.197211 0.039041 0.090270 0.189716
-0.060173 0.052993 0.290495 -0.028242 0.029391 0.313389 0.001475 0.011622 0.313761 0.025989 0.000572 0.313765 0.046926 -0.010463 0.311414 0.018431 0.015008 0.266086 0.053155 0.004821 0.252102 0.074868 0.000319 0.242632 0.091247 -0.001883 0.233208 0.014930 0.033083 0.250910 0.052712 0.029288 0.228364 0.077198 0.029016 0.217854 0.095489 0.029577 0.206831 0.008001 0.052415 0.241365 0.040095 0.055496 0.217954 0.061373 0.057463 0.204115 0.078109 0.060421 0.194983 -0.000621 0.072266 0.237566 0.019519 0.082316 0.215732 0.030687 0.090553 0.203119 0.040474 0.097653 0.194888
-0.057573 0.055443 0.293586 -0.025228 0.028227 0.314323 0.003472 0.009854 0.312310 0.027125 -0.002689 0.309020 0.047041 -0.016918 0.305514 0.018594 0.016627 0.263820 0.053401 0.007553 0.248686 0.075615 0.003312 0.238342 0.091739 0.001477 0.228688 0.015578 0.037093 0.249913 0.053303 0.035610 0.227644 0.079204 0.035735 0.218609 0.097715 0.037159 0.209095 0.009126 0.057211 0.242792 0.042188 0.062139 0.219388 0.064243 0.065667 0.207211 0.080939 0.070016 0.198273 0.001332 0.076818 0.242040 0.022858 0.089065 0.221629 0.034894 0.099111 0.211319 0.045626 0.107316 0.205102
-0.056906 0.055547 0.292873 -0.026294 0.028432 0.313206 0.003180 0.009673 0.311632 0.027401 -0.002964 0.309395 0.047183 -0.017068 0.305846 0.019278 0.017153 0.264613 0.053967 0.008487 0.249557 0.075793 0.004215 0.239481 0.092018 0.002340 0.230026 0.016280 0.037031 0.250703 0.054570 0.035740 0.228957 0.080416 0.036057 0.220012 0.099338 0.037034 0.210432 0.010027 0.057454 0.243585 0.043007 0.062661 0.220820 0.064800 0.066452 0.208460 0.081368 0.070516 0.199728 0.002190 0.077368 0.242839 0.024217 0.090195 0.223283 0.036181 0.100270 0.212539 0.046891 0.108127 0.205841
-0.055778 0.057466 0.294151 -0.022498 0.030144 0.313758 0.004006 0.011070 0.312121 0.025866 -0.002119 0.309465 0.047602 -0.017213 0.305044 0.019849 0.017267 0.264853 0.054307 0.009411 0.249340 0.076594 0.005131 0.239095 0.093009 0.003132 0.229602 0.016714 0.036761 0.250769 0.054589 0.035653 0.228716 0.080378 0.035745 0.218627 0.098642 0.036639 0.208568 0.010284 0.056867 0.243986 0.044596 0.059843 0.219517 0.066983 0.063179 0.208876 0.083301 0.067535 0.201135 0.003085 0.076252 0.243928 0.029014 0.084990 0.237506 0.044276 0.094102 0.244770 0.057369 0.101510 0.251639
-0.055599 0.057899 0.296351 -0.024466 0.030780 0.315053 0.002525 0.011808 0.314067 0.025138 0.000169 0.312179 0.046695 -0.014848 0.307522 0.018762 0.018433 0.266371 0.055410 0.010732 0.251135 0.077272 0.006808 0.241775 0.093627 0.004184 0.232313 0.016007 0.037290 0.252669 0.055308 0.036666 0.230678 0.080931 0.037214 0.221371 0.099189 0.038055 0.212816 0.009434 0.056800 0.245939 0.044339 0.060730 0.222041 0.066830 0.063499 0.210870 0.083952 0.066830 0.204063 0.001381 0.076046 0.245618 0.028131 0.083466 0.239008 0.034714 0.090667 0.254186 0.037024 0.096767 0.270943
-0.054975 0.057753 0.298480 -0.024230 0.031185 0.316278 0.002257 0.011632 0.315938 0.025598 -0.000327 0.314033 0.046665 -0.015018 0.310384 0.019191 0.018199 0.267954 0.055648 0.009809 0.253194 0.078138 0.006181 0.244393 0.094683 0.003567 0.235360 0.016458 0.036515 0.253981 0.055963 0.036068 0.232019 0.081942 0.036290 0.222981 0.099366 0.036909 0.214609 0.009299 0.055893 0.247108 0.046042 0.060454 0.223665 0.068216 0.063526 0.213333 0.083469 0.066860 0.205611 0.000813 0.075088 0.246978 0.025231 0.082733 0.240200 0.027196 0.087368 0.257542 0.024396 0.090844 0.276120
-0.055044 0.058742 0.296830 -0.023213 0.032702 0.315690 0.002658 0.013530 0.315740 0.024739 0.001253 0.314390 0.046857 -0.014046 0.311153 0.019451 0.019378 0.267690 0.055645 0.011037 0.253035 0.078166 0.006955 0.244101 0.094964 0.003794 0.235336 0.016991 0.037622 0.253678 0.056024 0.037394 0.232136 0.082382 0.038085 0.223253 0.099905 0.039040 0.214670 0.010158 0.056954 0.246933 0.046360 0.060986 0.223417 0.068295 0.063946 0.213016 0.083294 0.067210 0.204878 0.002244 0.075923 0.246770 0.025925 0.083752 0.240726 0.027352 0.088295 0.257841 0.024461 0.091711 0.275169
-0.055922 0.058360 0.298733 -0.023577 0.032390 0.317466 0.002547 0.013339 0.317000 0.025427 0.001676 0.315677 0.046981 -0.012718 0.313120 0.019601 0.019505 0.268699 0.055891 0.011627 0.253752 0.078786 0.007705 0.245017 0.095754 0.004625 0.236270 0.016788 0.037595 0.255295 0.056571 0.037970 0.233281 0.083641 0.038803 0.224371 0.101281 0.040022 0.215902 0.009477 0.057367 0.248939 0.048200 0.062655 0.226631 0.070791 0.066254 0.217221 0.085647 0.070159 0.209457 0.001286 0.076693 0.249456 0.026053 0.084507 0.243788 0.025744 0.088112 0.261816 0.020652 0.090988 0.279873
-0.056065 0.058702 0.295580 -0.025614 0.033790 0.315222 0.002046 0.014634 0.317488 0.025835 0.002207 0.316684 0.047949 -0.012784 0.314540 0.019198 0.019285 0.270862 0.055800 0.011403 0.255207 0.078294 0.006992 0.246332 0.095159 0.004135 0.238153 0.016279 0.037502 0.257625 0.057756 0.036686 0.234623 0.083597 0.037329 0.224067 0.101372 0.039114 0.216183 0.009799 0.058194 0.252021 0.050975 0.068143 0.239416 0.069297 0.078206 0.249433 0.081628 0.086530 0.257674 0.001149 0.077768 0.252128 0.029145 0.087598 0.245227 0.028705 0.093014 0.255523 0.025628 0.098269 0.267592
-0.058411 0.059956 0.292495 -0.027286 0.034008 0.315164 0.001218 0.016062 0.319672 0.026012 0.001746 0.319559 0.048002 -0.011929 0.317147 0.020189 0.019284 0.273695 0.056388 0.010568 0.258219 0.079349 0.005671 0.248262 0.096057 0.002943 0.239684 0.017175 0.037817 0.260228 0.057728 0.036423 0.236736 0.084027 0.036060 0.225651 0.101170 0.037221 0.216584 0.009907 0.058514 0.255330 0.047479 0.067838 0.243678 0.049156 0.078458 0.264235 0.045038 0.086860 0.283586 0.001110 0.078492 0.255587 0.026890 0.087815 0.252167 0.024350 0.093168 0.269425 0.019051 0.096665 0.286927
-0.059126 0.060336 0.292850 -0.027765 0.034688 0.314968 0.000987 0.017231 0.319450 0.025354 0.002510 0.319002 0.046195 -0.012131 0.317029 0.018811 0.018643 0.271326 0.055373 0.010536 0.256903 0.078161 0.006003 0.247203 0.094031 0.003557 0.238390 0.015818 0.037201 0.257845 0.056521 0.036156 0.235628 0.083040 0.035911 0.225476 0.098967 0.036673 0.215331 0.008467 0.057885 0.252714 0.045665 0.067023 0.242176 0.044082 0.075612 0.264451 0.036273 0.081736 0.283886 -0.000337 0.077800 0.252378 0.024794 0.086286 0.246535 0.021119 0.091068 0.263010 0.013667 0.093898 0.279393
-0.058841 0.062006 0.294915 -0.027582 0.035397 0.316117 0.001002 0.017347 0.320391 0.025242 0.002957 0.319700 0.046713 -0.011680 0.317898 0.018868 0.019203 0.271809 0.054918 0.011124 0.257262 0.077744 0.006448 0.248008 0.093508 0.003739 0.239712 0.015140 0.038147 0.258691 0.056404 0.036725 0.235933 0.083176 0.036806 0.226868 0.099322 0.037482 0.218173 0.007447 0.059387 0.254662 0.045862 0.068262 0.243719 0.043783 0.075376 0.265611 0.035172 0.080116 0.284308 -0.001236 0.079710 0.256118 0.025193 0.087748 0.251078 0.021705 0.092029 0.268320 0.013872 0.093968 0.284626
-0.057077 0.062967 0.298663 -0.027136 0.036021 0.317486 0.001283 0.017036 0.321792 0.025478 0.002678 0.321169 0.046787 -0.011899 0.319631 0.018659 0.020228 0.273359 0.055312 0.010446 0.258104 0.078551 0.005762 0.248898 0.094560 0.002943 0.241349 0.014196 0.039284 0.261138 0.057184 0.039719 0.239883 0.084081 0.044569 0.238730 0.101934 0.048737 0.238782 0.006277 0.059993 0.256555 0.045757 0.066516 0.242214 0.041686 0.072854 0.259937 0.031871 0.077890 0.278352 -0.001876 0.079693 0.257614 0.025544 0.087030 0.251010 0.022069 0.090305 0.268242 0.014090 0.091661 0.286843
-0.054527 0.064373 0.296939 -0.026378 0.037093 0.315015 0.002146 0.017163 0.319595 0.026124 0.003300 0.319670 0.047634 -0.011783 0.318528 0.018438 0.021414 0.272826 0.055372 0.009923 0.257418 0.078742 0.005701 0.248541 0.093238 0.004015 0.241160 0.013067 0.040364 0.263306 0.055122 0.045858 0.247325 0.069500 0.059007 0.260266 0.072111 0.069210 0.273225 0.005514 0.061532 0.259641 0.043474 0.069992 0.247837 0.044459 0.078352 0.264974 0.036548 0.084373 0.283890 -0.002476 0.080916 0.259676 0.024583 0.086628 0.248853 0.025606 0.090976 0.263807 0.020717 0.094658 0.282326
-0.053821 0.066568 0.299828 -0.027419 0.039839 0.317218 0.001268 0.018615 0.320037 0.025699 0.003603 0.319951 0.045493 -0.011659 0.318149 0.017780 0.021072 0.273484 0.054578 0.009232 0.255479 0.076175 0.005627 0.246425 0.090803 0.003503 0.239388 0.013805 0.039774 0.263048 0.056973 0.048071 0.248422 0.057670 0.061144 0.270428 0.047214 0.066620 0.288749 0.006728 0.060504 0.258150 0.044180 0.069694 0.247301 0.040684 0.078179 0.269079 0.028264 0.080282 0.288957 -0.003192 0.079224 0.256137 0.024902 0.085350 0.246697 0.023925 0.089374 0.262557 0.015551 0.089024 0.279084
-0.053471 0.068177 0.297576 -0.026814 0.041709 0.316791 0.002486 0.020098 0.320593 0.027587 0.004603 0.319693 0.045750 -0.012624 0.317894 0.018315 0.022510 0.274214 0.054775 0.010879 0.255415 0.075731 0.007661 0.246711 0.091410 0.005724 0.240657 0.013884 0.041028 0.262503 0.056357 0.049445 0.252754 0.052963 0.061558 0.274879 0.040559 0.065417 0.291611 0.007163 0.061236 0.256846 0.044981 0.070337 0.248244 0.039332 0.078382 0.272293 0.025286 0.080153 0.292226 -0.002347 0.079940 0.255496 0.025399 0.087101 0.247564 0.023242 0.090811 0.264713 0.013860 0.089614 0.280787
-0.052596 0.069174 0.297854 -0.027325 0.042769 0.316319 0.001344 0.021022 0.319451 0.026931 0.005436 0.319330 0.045241 -0.010546 0.319149 0.019433 0.023429 0.273946 0.055637 0.012066 0.256384 0.076631 0.008972 0.247926 0.091992 0.007206 0.241482 0.015152 0.041694 0.261648 0.056779 0.051187 0.252431 0.051898 0.063404 0.275648 0.039220 0.067085 0.293022 0.008175 0.061561 0.255442 0.045982 0.071610 0.248067 0.039289 0.079265 0.273020 0.025124 0.080323 0.292063 -0.001351 0.080263 0.253652 0.025233 0.088775 0.249627 0.022108 0.092539 0.268839 0.012430 0.090836 0.284763
-0.052231 0.068441 0.297595 -0.028313 0.042812 0.316892 0.000892 0.021383 0.319963 0.027421 0.005502 0.319593 0.045424 -0.010560 0.319801 0.019498 0.023554 0.274529 0.056793 0.013864 0.258616 0.078185 0.013165 0.252593 0.094212 0.013856 0.248843 0.015605 0.042055 0.262238 0.056672 0.051416 0.252970 0.051715 0.063149 0.275720 0.038624 0.066956 0.292299 0.008712 0.061985 0.255552 0.046100 0.072452 0.249798 0.039308 0.079715 0.273953 0.024687 0.080386 0.291444 -0.001118 0.080586 0.252912 0.025164 0.089714 0.249128 0.021828 0.093670 0.269074 0.011799 0.092000 0.284926
-0.054152 0.064595 0.298850 -0.029514 0.038167 0.317738 -0.001461 0.016394 0.320249 0.023728 -0.000754 0.317407 0.040891 -0.018205 0.314717 0.017104 0.017187 0.270785 0.056742 0.025906 0.271550 0.075670 0.035572 0.278282 0.087379 0.043054 0.284020 0.012033 0.033478 0.253288 0.055590 0.048477 0.257883 0.051107 0.059092 0.274600 0.038844 0.062676 0.285524 0.004702 0.053131 0.243258 0.044679 0.068770 0.248878 0.038223 0.076061 0.269395 0.023397 0.076213 0.282392 -0.004732 0.073272 0.239927 0.024377 0.085762 0.244708 0.020600 0.089199 0.263199 0.009225 0.086656 0.276342
-0.051283 0.066731 0.305979 -0.029374 0.039992 0.322674 -0.003292 0.014938 0.321670 0.019449 -0.004991 0.316703 0.034477 -0.025260 0.312506 0.016494 0.015705 0.271938 0.056194 0.028953 0.274948 0.058734 0.044706 0.293232 0.051248 0.054625 0.308613 0.010988 0.032595 0.254863 0.056176 0.047091 0.258119 0.050819 0.058885 0.280847 0.036553 0.062139 0.295840 0.003309 0.052082 0.244652 0.043932 0.066314 0.248807 0.038926 0.074623 0.272134 0.024319 0.074586 0.286252 -0.007186 0.072322 0.241052 0.024584 0.083646 0.245167 0.021759 0.088530 0.266915 0.010798 0.087235 0.282256
-0.049155 0.066913 0.304442 -0.029461 0.038931 0.320494 -0.004991 0.012391 0.319926 0.016298 -0.008837 0.315251 0.029872 -0.029203 0.309967 0.016805 0.014844 0.270253 0.055686 0.027252 0.272473 0.052921 0.040170 0.292506 0.041022 0.046735 0.307965 0.011998 0.031747 0.253246 0.055701 0.045904 0.257556 0.048533 0.057155 0.280100 0.033786 0.059786 0.294690 0.004844 0.051138 0.243324 0.044140 0.064270 0.246309 0.038146 0.072544 0.270000 0.023213 0.072484 0.284730 -0.005188 0.071332 0.239219 0.024513 0.082144 0.243146 0.020534 0.086709 0.265230 0.009229 0.084942 0.280794
-0.049923 0.068372 0.302929 -0.030848 0.039900 0.320114 -0.005781 0.011684 0.318389 0.015728 -0.009641 0.312872 0.028260 -0.030382 0.308263 0.016998 0.015776 0.270217 0.055572 0.025624 0.267637 0.050196 0.036367 0.286238 0.034803 0.038139 0.295722 0.012807 0.032971 0.252864 0.055262 0.045577 0.256174 0.046578 0.056482 0.279738 0.030235 0.056730 0.290443 0.005735 0.052420 0.243069 0.043907 0.064472 0.245322 0.036815 0.073119 0.271006 0.021204 0.071049 0.282676 -0.004444 0.072267 0.238077 0.023962 0.082930 0.241483 0.019278 0.087763 0.264751 0.007343 0.084543 0.278134
-0.053637 0.059815 0.295963 -0.028533 0.033877 0.310986 0.000811 0.012357 0.317011 0.028726 0.005779 0.318654 0.046867 0.010525 0.311799 0.017011 0.014177 0.268537 0.055125 0.024441 0.268467 0.050407 0.034459 0.286899 0.035139 0.034701 0.294606 0.012081 0.032317 0.253783 0.054385 0.044338 0.255015 0.046613 0.054711 0.279814 0.030609 0.053842 0.291154 0.005513 0.052070 0.244701 0.044080 0.063535 0.243944 0.038173 0.071777 0.271822 0.022138 0.068966 0.284589 -0.004695 0.071936 0.240583 0.025319 0.082218 0.243185 0.021736 0.086473 0.266331 0.009249 0.082967 0.279402
-0.058201 0.059436 0.307357 -0.035136 0.035461 0.320775 -0.006713 0.015110 0.322978 0.021236 0.007476 0.323420 0.038260 0.011007 0.317599 0.010510 0.012996 0.273835 0.048683 0.018477 0.267814 0.048126 0.032658 0.284889 0.035600 0.039762 0.298453 0.007287 0.031316 0.258056 0.049608 0.040656 0.253836 0.045016 0.054698 0.280017 0.029580 0.057973 0.296586 0.000984 0.051596 0.249848 0.038380 0.062158 0.245995 0.034624 0.072730 0.274571 0.020340 0.072923 0.292218 -0.009364 0.072048 0.248587 0.019238 0.082205 0.250885 0.017691 0.087678 0.273342 0.007350 0.085545 0.288383
-1.000000 -1.000000 -1.000000 -1.000000 -1.000000 -1.000000 -1.000000 -1.000000 -1.000000 -1.000000 -1.000000 -1.000000 -1.000000 -1.000000 -1.000000 -1.000000 -1.000000 -1.000000 -1.000000 -1.000000 -1.000000 -1.000000 -1.000000 -1.000000 -1.000000 -1.000000 -1.000000 -1.000000 -1.000000 -1.000000 -1.000000 -1.000000 -1.000000 -1.000000 -1.000000 -1.000000 -1.000000 -1.000000 -1.000000 -1.000000 -1.000000 -1.000000 -1.000000 -1.000000 -1.000000 -1.000000 -1.000000 -1.000000 -1.000000 -1.000000 -1.000000 -1.000000 -1.000000 -1.000000 -1.000000 -1.000000 -1.000000 -1.000000 -1.000000 -1.000000 -1.000000 -1.000000 -1.000000
-1.000000 -1.000000 -1.000000 -1.000000 -1.000000 -1.000000 -1.000000 -1.000000 -1.000000 -1.000000 -1.000000 -1.000000 -1.000000 -1.000000 -1.000000 -1.000000 -1.000000 -1.000000 -1.000000 -1.000000 -1.000000 -1.000000 -1.000000 -1.000000 -1.000000 -1.000000 -1.000000 -1.000000 -1.000000 -1.000000 -1.000000 -1.000000 -1.000000 -1.000000 -1.000000 -1.000000 -1.000000 -1.000000 -1.000000 -1.000000 -1.000000 -1.000000 -1.000000 -1.000000 -1.000000 -1.000000 -1.000000 -1.000000 -1.000000 -1.000000 -1.000000 -1.000000 -1.000000 -1.000000 -1.000000 -1.000000 -1.000000 -1.000000 -1.000000 -1.000000 -1.000000 -1.000000 -1.000000
-1.000000 -1.000000 -1.000000 -1.000000 -1.000000 -1.000000 -1.000000 -1.000000 -1.000000 -1.000000 -1.000000 -1.000000 -1.000000 -1.000000 -1.000000 -1.000000 -1.000000 -1.000000 -1.000000 -1.000000 -1.000000 -1.000000 -1.000000 -1.000000 -1.000000 -1.000000 -1.000000 -1.000000 -1.000000 -1.000000 -1.000000 -1.000000 -1.000000 -1.000000 -1.000000 -1.000000 -1.000000 -1.000000 -1.000000 -1.000000 -1.000000 -1.000000 -1.000000 -1.000000 -1.000000 -1.000000 -1.000000 -1.000000 -1.000000 -1.000000 -1.000000 -1.000000 -1.000000 -1.000000 -1.000000 -1.000000 -1.000000 -1.000000 -1.000000 -1.000000 -1.000000 -1.000000 -1.000000
-1.000000 -1.000000 -1.000000 -1.000000 -1.000000 -1.000000 -1.000000 -1.000000 -1.000000 -1.000000 -1.000000 -1.000000 -1.000000 -1.000000 -1.000000 -1.000000 -1.000000 -1.000000 -1.000000 -1.000000 -1.000000 -1.000000 -1.000000 -1.000000 -1.000000 -1.000000 -1.000000 -1.000000 -1.000000 -1.000000 -1.000000 -1.000000 -1.000000 -1.000000 -1.000000 -1.000000 -1.000000 -1.000000 -1.000000 -1.000000 -1.000000 -1.000000 -1.000000 -1.000000 -1.000000 -1.000000 -1.000000 -1.000000 -1.000000 -1.000000 -1.000000 -1.000000 -1.000000 -1.000000 -1.000000 -1.000000 -1.000000 -1.000000 -1.000000 -1.000000 -1.000000 -1.000000 -1.000000
